-33,714,1,AGUA
-48,446,0,AGUA
-48,566,1,AGUA
-48,566,0,AGUA
-33,584,1,AGUA
-48,446,9,AGUA
-48,446,5,AGUA
-48,446,6,AGUA
-48,446,7,AGUA
-48,446,8,AGUA
-48,446,1,AGUA
-48,446,2,AGUA
-48,446,3,AGUA
-48,446,4,AGUA
-33,585,1,AGUA
-48,565,2,AGUA
-48,565,1,AGUA
-48,565,0,AGUA
-48,445,6,AGUA
-48,445,7,AGUA
-48,445,8,AGUA
-48,445,9,AGUA
-48,445,2,AGUA
-48,445,3,AGUA
-48,445,4,AGUA
-48,445,5,AGUA
-33,1004,1,AGUA
-33,85,1,AGUA
-33,465,1,AGUA
-48,565,6,AGUA
-48,565,5,AGUA
-48,565,4,AGUA
-48,565,3,AGUA
-48,565,9,AGUA
-48,565,8,AGUA
-48,565,7,AGUA
-33,1244,1,AGUA
-33,225,1,AGUA
-33,834,1,AGUA
-33,1124,1,AGUA
-33,345,1,AGUA
-33,954,1,AGUA
-33,105,1,AGUA
-33,1364,1,AGUA
-48,463,15,AGUA
-48,451,15,AGUA
-48,567,0,AGUA
-48,447,8,AGUA
-48,447,9,AGUA
-48,447,4,AGUA
-48,447,5,AGUA
-48,447,6,AGUA
-48,447,7,AGUA
-48,447,0,AGUA
-48,447,1,AGUA
-48,447,2,AGUA
-48,447,3,AGUA
-33,715,1,AGUA
-33,1006,1,AGUA
-48,567,9,AGUA
-48,567,4,AGUA
-48,567,3,AGUA
-48,567,2,AGUA
-48,567,1,AGUA
-48,567,8,AGUA
-48,567,7,AGUA
-48,567,6,AGUA
-48,567,5,AGUA
-48,414,10,AGUA
-33,1125,1,AGUA
-48,414,13,AGUA
-48,414,14,AGUA
-48,414,11,AGUA
-48,414,12,AGUA
-48,414,15,AGUA
-33,200,1,AGUA
-48,566,5,AGUA
-48,566,4,AGUA
-48,566,3,AGUA
-48,566,2,AGUA
-48,566,9,AGUA
-48,566,8,AGUA
-48,566,7,AGUA
-48,566,6,AGUA
-33,586,1,AGUA
-48,426,13,AGUA
-48,426,12,AGUA
-48,426,14,AGUA
-48,420,0,AGUA
-48,420,4,AGUA
-48,420,3,AGUA
-48,426,11,AGUA
-48,420,2,AGUA
-48,426,10,AGUA
-48,420,1,AGUA
-33,320,1,AGUA
-33,1005,1,AGUA
-48,540,0,AGUA
-33,84,1,AGUA
-48,540,1,AGUA
-33,835,1,AGUA
-48,540,4,AGUA
-48,540,5,AGUA
-48,540,2,AGUA
-48,540,3,AGUA
-33,466,1,AGUA
-33,1365,1,AGUA
-33,346,1,AGUA
-48,420,8,AGUA
-48,420,7,AGUA
-48,420,6,AGUA
-48,420,5,AGUA
-33,955,1,AGUA
-48,420,9,AGUA
-33,1245,1,AGUA
-33,190,1,AGUA
-48,438,10,AGUA
-48,438,11,AGUA
-48,438,12,AGUA
-48,438,13,AGUA
-48,540,8,AGUA
-48,438,14,AGUA
-48,540,9,AGUA
-48,540,6,AGUA
-48,540,7,AGUA
-33,106,1,AGUA
-33,226,1,AGUA
-48,402,13,AGUA
-48,402,12,AGUA
-48,402,11,AGUA
-48,402,10,AGUA
-48,402,14,AGUA
-33,712,1,AGUA
-33,582,1,AGUA
-33,61,1,AGUA
-33,88,1,AGUA
-33,462,1,AGUA
-33,342,1,AGUA
-33,738,1,AGUA
-33,1029,1,AGUA
-33,618,1,AGUA
-33,1148,1,AGUA
-33,619,1,AGUA
-48,589,9,AGUA
-33,223,1,AGUA
-48,589,5,AGUA
-48,589,6,AGUA
-48,589,7,AGUA
-48,589,8,AGUA
-48,589,1,AGUA
-48,589,2,AGUA
-48,589,3,AGUA
-48,589,4,AGUA
-48,443,0,AGUA
-48,443,1,AGUA
-48,443,2,AGUA
-48,443,3,AGUA
-33,343,1,AGUA
-33,1028,1,AGUA
-48,563,0,AGUA
-48,563,4,AGUA
-48,563,3,AGUA
-33,858,1,AGUA
-48,563,2,AGUA
-48,563,1,AGUA
-33,489,1,AGUA
-33,1388,1,AGUA
-33,369,1,AGUA
-48,443,8,AGUA
-48,443,9,AGUA
-48,443,4,AGUA
-48,443,5,AGUA
-48,443,6,AGUA
-48,443,7,AGUA
-33,1002,1,AGUA
-33,103,1,AGUA
-33,978,1,AGUA
-33,1268,1,AGUA
-48,563,8,AGUA
-48,563,7,AGUA
-48,563,6,AGUA
-48,563,5,AGUA
-48,563,9,AGUA
-33,1242,1,AGUA
-33,832,1,AGUA
-33,129,1,AGUA
-33,1122,1,AGUA
-33,952,1,AGUA
-33,249,1,AGUA
-33,1362,1,AGUA
-33,60,1,AGUA
-33,713,1,AGUA
-33,583,1,AGUA
-33,87,1,AGUA
-48,445,0,AGUA
-48,445,1,AGUA
-33,463,1,AGUA
-33,739,1,AGUA
-33,86,1,AGUA
-48,444,0,AGUA
-48,444,1,AGUA
-48,444,2,AGUA
-33,464,1,AGUA
-33,1269,1,AGUA
-33,344,1,AGUA
-48,392,13,AGUA
-48,392,12,AGUA
-48,392,14,AGUA
-48,392,11,AGUA
-48,392,10,AGUA
-48,564,3,AGUA
-48,564,2,AGUA
-48,564,1,AGUA
-33,859,1,AGUA
-48,564,0,AGUA
-48,380,13,AGUA
-33,1149,1,AGUA
-48,380,14,AGUA
-48,380,11,AGUA
-48,380,12,AGUA
-48,380,10,AGUA
-48,444,7,AGUA
-48,444,8,AGUA
-48,444,9,AGUA
-48,444,3,AGUA
-48,444,4,AGUA
-48,444,5,AGUA
-48,444,6,AGUA
-33,104,1,AGUA
-33,1123,1,AGUA
-33,979,1,AGUA
-48,564,7,AGUA
-48,564,6,AGUA
-48,379,15,AGUA
-48,564,5,AGUA
-48,564,4,AGUA
-48,564,9,AGUA
-48,564,8,AGUA
-33,1389,1,AGUA
-33,224,1,AGUA
-33,1003,1,AGUA
-33,833,1,AGUA
-33,1363,1,AGUA
-33,953,1,AGUA
-33,1243,1,AGUA
-48,500,15,AGUA
-48,500,14,AGUA
-48,500,13,AGUA
-48,500,12,AGUA
-48,500,11,AGUA
-48,500,10,AGUA
-33,1360,1,AGUA
-33,710,1,AGUA
-48,548,12,AGUA
-48,548,11,AGUA
-48,548,10,AGUA
-33,580,1,AGUA
-48,548,14,AGUA
-48,548,13,AGUA
-33,460,1,AGUA
-33,340,1,AGUA
-33,736,1,AGUA
-48,424,0,AGUA
-33,616,1,AGUA
-48,536,12,AGUA
-48,536,13,AGUA
-48,536,14,AGUA
-48,536,10,AGUA
-48,536,11,AGUA
-48,544,0,AGUA
-48,544,1,AGUA
-33,100,1,AGUA
-48,524,10,AGUA
-48,424,9,AGUA
-48,424,4,AGUA
-48,424,3,AGUA
-48,424,2,AGUA
-48,424,1,AGUA
-48,424,8,AGUA
-48,424,7,AGUA
-48,424,6,AGUA
-48,424,5,AGUA
-48,524,15,AGUA
-48,524,12,AGUA
-48,524,11,AGUA
-48,524,14,AGUA
-48,524,13,AGUA
-48,512,14,AGUA
-48,512,12,AGUA
-48,512,13,AGUA
-48,512,10,AGUA
-48,512,11,AGUA
-33,486,1,AGUA
-48,544,4,AGUA
-33,220,1,AGUA
-48,544,5,AGUA
-48,544,2,AGUA
-48,544,3,AGUA
-48,544,8,AGUA
-48,544,9,AGUA
-48,544,6,AGUA
-33,63,1,AGUA
-48,544,7,AGUA
-33,487,1,AGUA
-33,367,1,AGUA
-48,543,5,AGUA
-48,543,6,AGUA
-48,543,3,AGUA
-48,543,4,AGUA
-48,543,9,AGUA
-33,64,1,AGUA
-48,543,7,AGUA
-48,543,8,AGUA
-33,101,1,AGUA
-33,1146,1,AGUA
-33,127,1,AGUA
-33,247,1,AGUA
-33,1026,1,AGUA
-33,856,1,AGUA
-33,1386,1,AGUA
-33,976,1,AGUA
-33,1000,1,AGUA
-33,1266,1,AGUA
-33,1240,1,AGUA
-33,830,1,AGUA
-33,1120,1,AGUA
-33,950,1,AGUA
-48,585,15,AGUA
-33,711,1,AGUA
-33,581,1,AGUA
-48,545,0,AGUA
-33,89,1,AGUA
-33,461,1,AGUA
-48,425,9,AGUA
-48,425,8,AGUA
-48,425,3,AGUA
-48,425,2,AGUA
-48,425,1,AGUA
-48,425,0,AGUA
-48,425,7,AGUA
-48,425,6,AGUA
-48,425,5,AGUA
-48,425,4,AGUA
-33,737,1,AGUA
-33,617,1,AGUA
-48,545,9,AGUA
-48,545,3,AGUA
-48,545,4,AGUA
-33,221,1,AGUA
-48,545,1,AGUA
-48,545,2,AGUA
-48,545,7,AGUA
-48,545,8,AGUA
-48,545,5,AGUA
-48,545,6,AGUA
-33,62,1,AGUA
-33,341,1,AGUA
-33,102,1,AGUA
-33,1027,1,AGUA
-33,488,1,AGUA
-33,222,1,AGUA
-33,1267,1,AGUA
-33,248,1,AGUA
-33,857,1,AGUA
-33,1147,1,AGUA
-33,368,1,AGUA
-33,977,1,AGUA
-33,1121,1,AGUA
-33,1387,1,AGUA
-33,1001,1,AGUA
-33,128,1,AGUA
-33,831,1,AGUA
-33,1361,1,AGUA
-33,951,1,AGUA
-33,1241,1,AGUA
-33,734,1,AGUA
-33,614,1,AGUA
-33,484,1,AGUA
-48,448,7,AGUA
-48,448,8,AGUA
-48,448,9,AGUA
-48,448,3,AGUA
-48,448,4,AGUA
-48,448,5,AGUA
-48,448,6,AGUA
-48,448,0,AGUA
-48,448,1,AGUA
-48,448,2,AGUA
-48,394,14,AGUA
-48,394,12,AGUA
-48,394,13,AGUA
-48,394,10,AGUA
-48,394,11,AGUA
-48,382,14,AGUA
-48,382,13,AGUA
-48,382,12,AGUA
-48,382,11,AGUA
-48,382,10,AGUA
-48,568,9,AGUA
-48,568,8,AGUA
-33,244,1,AGUA
-48,568,3,AGUA
-48,568,2,AGUA
-48,568,1,AGUA
-48,568,0,AGUA
-48,568,7,AGUA
-48,568,6,AGUA
-48,568,5,AGUA
-48,568,4,AGUA
-48,422,2,AGUA
-48,422,1,AGUA
-48,422,0,AGUA
-33,364,1,AGUA
-48,421,3,AGUA
-48,421,2,AGUA
-48,421,1,AGUA
-48,421,0,AGUA
-33,125,1,AGUA
-48,541,0,AGUA
-48,541,3,AGUA
-48,541,4,AGUA
-48,541,1,AGUA
-48,541,2,AGUA
-48,421,7,AGUA
-48,421,6,AGUA
-48,421,5,AGUA
-48,421,4,AGUA
-48,421,9,AGUA
-48,421,8,AGUA
-33,245,1,AGUA
-48,541,7,AGUA
-48,541,8,AGUA
-48,541,5,AGUA
-48,541,6,AGUA
-33,66,1,AGUA
-48,541,9,AGUA
-33,1144,1,AGUA
-33,1024,1,AGUA
-33,854,1,AGUA
-33,1384,1,AGUA
-33,974,1,AGUA
-33,1264,1,AGUA
-48,490,10,AGUA
-48,490,12,AGUA
-48,490,11,AGUA
-48,490,14,AGUA
-48,490,13,AGUA
-48,490,15,AGUA
-48,465,15,AGUA
-48,428,14,AGUA
-33,735,1,AGUA
-48,428,12,AGUA
-48,428,13,AGUA
-48,428,10,AGUA
-48,428,11,AGUA
-48,449,6,AGUA
-48,449,7,AGUA
-48,449,8,AGUA
-33,615,1,AGUA
-48,449,9,AGUA
-48,449,2,AGUA
-48,449,3,AGUA
-48,449,4,AGUA
-48,449,5,AGUA
-48,449,0,AGUA
-48,449,1,AGUA
-48,569,9,AGUA
-48,569,8,AGUA
-48,569,7,AGUA
-48,569,2,AGUA
-48,569,1,AGUA
-48,569,0,AGUA
-48,569,6,AGUA
-48,569,5,AGUA
-48,569,4,AGUA
-48,569,3,AGUA
-48,423,1,AGUA
-48,423,0,AGUA
-33,485,1,AGUA
-33,365,1,AGUA
-48,543,1,AGUA
-48,543,2,AGUA
-48,543,0,AGUA
-48,423,5,AGUA
-48,423,4,AGUA
-48,423,3,AGUA
-48,423,2,AGUA
-48,423,9,AGUA
-48,423,8,AGUA
-48,423,7,AGUA
-48,423,6,AGUA
-48,542,2,AGUA
-48,542,3,AGUA
-48,542,0,AGUA
-48,542,1,AGUA
-48,422,6,AGUA
-48,422,5,AGUA
-48,422,4,AGUA
-48,422,3,AGUA
-48,422,9,AGUA
-48,422,8,AGUA
-48,422,7,AGUA
-33,246,1,AGUA
-33,366,1,AGUA
-48,542,6,AGUA
-48,542,7,AGUA
-48,542,4,AGUA
-48,542,5,AGUA
-33,65,1,AGUA
-48,542,8,AGUA
-48,542,9,AGUA
-48,404,12,AGUA
-48,404,13,AGUA
-48,404,14,AGUA
-48,404,10,AGUA
-48,404,11,AGUA
-33,1025,1,AGUA
-48,416,12,AGUA
-48,416,11,AGUA
-48,416,10,AGUA
-48,416,14,AGUA
-48,416,13,AGUA
-33,126,1,AGUA
-33,1265,1,AGUA
-33,855,1,AGUA
-33,1145,1,AGUA
-33,975,1,AGUA
-33,1385,1,AGUA
-33,197,1,AGUA
-33,207,1,AGUA
-48,428,8,AGUA
-48,428,7,AGUA
-48,428,6,AGUA
-48,428,5,AGUA
-48,428,9,AGUA
-48,428,0,AGUA
-48,428,4,AGUA
-48,428,3,AGUA
-48,428,2,AGUA
-48,428,1,AGUA
-48,548,8,AGUA
-48,548,9,AGUA
-48,548,6,AGUA
-48,548,7,AGUA
-48,548,0,AGUA
-48,548,1,AGUA
-48,548,4,AGUA
-48,548,5,AGUA
-48,548,2,AGUA
-48,548,3,AGUA
-33,1227,1,AGUA
-48,402,0,AGUA
-48,392,0,AGUA
-48,392,1,AGUA
-48,392,2,AGUA
-48,392,3,AGUA
-48,392,4,AGUA
-48,392,5,AGUA
-48,392,6,AGUA
-48,392,7,AGUA
-48,392,8,AGUA
-48,392,9,AGUA
-48,522,1,AGUA
-33,817,1,AGUA
-48,522,0,AGUA
-33,19,1,AGUA
-33,1097,1,AGUA
-48,402,9,AGUA
-48,402,3,AGUA
-48,402,4,AGUA
-48,402,1,AGUA
-48,402,2,AGUA
-48,402,7,AGUA
-48,402,8,AGUA
-48,402,5,AGUA
-48,402,6,AGUA
-33,1107,1,AGUA
-33,937,1,AGUA
-33,1191,1,AGUA
-48,522,3,AGUA
-48,522,2,AGUA
-48,522,5,AGUA
-48,522,4,AGUA
-48,522,7,AGUA
-48,522,6,AGUA
-48,522,9,AGUA
-48,522,8,AGUA
-33,1347,1,AGUA
-33,780,1,AGUA
-33,1071,1,AGUA
-33,1200,1,AGUA
-33,781,1,AGUA
-33,1190,1,AGUA
-33,910,1,AGUA
-33,661,1,AGUA
-33,541,1,AGUA
-33,421,1,AGUA
-33,1320,1,AGUA
-33,291,1,AGUA
-33,687,1,AGUA
-33,567,1,AGUA
-33,301,1,AGUA
-33,447,1,AGUA
-33,327,1,AGUA
-33,171,1,AGUA
-33,208,1,AGUA
-48,429,7,AGUA
-48,429,6,AGUA
-48,429,5,AGUA
-48,429,4,AGUA
-33,328,1,AGUA
-48,429,9,AGUA
-48,429,8,AGUA
-48,429,3,AGUA
-48,429,2,AGUA
-48,429,1,AGUA
-48,429,0,AGUA
-33,1098,1,AGUA
-48,549,7,AGUA
-48,549,8,AGUA
-48,549,5,AGUA
-48,549,6,AGUA
-33,1108,1,AGUA
-48,549,9,AGUA
-48,549,0,AGUA
-48,549,3,AGUA
-48,549,4,AGUA
-48,549,1,AGUA
-48,549,2,AGUA
-33,198,1,AGUA
-48,393,0,AGUA
-48,393,1,AGUA
-48,393,2,AGUA
-48,393,3,AGUA
-48,393,4,AGUA
-48,393,5,AGUA
-48,393,6,AGUA
-48,393,7,AGUA
-48,393,8,AGUA
-48,393,9,AGUA
-48,523,0,AGUA
-33,818,1,AGUA
-33,18,1,AGUA
-33,1348,1,AGUA
-48,403,8,AGUA
-48,403,9,AGUA
-48,403,2,AGUA
-48,403,3,AGUA
-48,403,0,AGUA
-33,1072,1,AGUA
-48,403,1,AGUA
-48,403,6,AGUA
-48,403,7,AGUA
-48,403,4,AGUA
-48,403,5,AGUA
-33,1228,1,AGUA
-33,938,1,AGUA
-48,523,9,AGUA
-48,523,2,AGUA
-48,523,1,AGUA
-48,523,4,AGUA
-48,523,3,AGUA
-48,523,6,AGUA
-48,523,5,AGUA
-48,523,8,AGUA
-48,523,7,AGUA
-33,1202,1,AGUA
-33,1192,1,AGUA
-33,1321,1,AGUA
-33,911,1,AGUA
-33,1201,1,AGUA
-33,782,1,AGUA
-33,662,1,AGUA
-33,542,1,AGUA
-33,422,1,AGUA
-33,302,1,AGUA
-33,688,1,AGUA
-33,568,1,AGUA
-33,172,1,AGUA
-33,292,1,AGUA
-33,448,1,AGUA
-48,514,15,AGUA
-48,514,14,AGUA
-48,514,13,AGUA
-48,514,12,AGUA
-48,514,11,AGUA
-48,514,10,AGUA
-48,426,9,AGUA
-48,426,8,AGUA
-48,426,7,AGUA
-48,426,2,AGUA
-48,426,1,AGUA
-48,426,0,AGUA
-33,1095,1,AGUA
-48,426,6,AGUA
-48,426,5,AGUA
-48,426,4,AGUA
-48,426,3,AGUA
-48,502,11,AGUA
-48,502,12,AGUA
-48,502,13,AGUA
-48,502,14,AGUA
-48,502,15,AGUA
-48,502,10,AGUA
-48,546,8,AGUA
-48,546,9,AGUA
-48,546,2,AGUA
-48,546,3,AGUA
-48,546,0,AGUA
-48,546,1,AGUA
-48,546,6,AGUA
-48,546,7,AGUA
-48,546,4,AGUA
-48,546,5,AGUA
-33,1225,1,AGUA
-48,400,1,AGUA
-48,400,2,AGUA
-48,400,0,AGUA
-48,390,0,AGUA
-48,390,1,AGUA
-48,390,2,AGUA
-48,390,3,AGUA
-48,390,4,AGUA
-48,390,5,AGUA
-48,390,6,AGUA
-48,390,7,AGUA
-48,390,8,AGUA
-48,390,9,AGUA
-33,815,1,AGUA
-48,520,1,AGUA
-48,520,0,AGUA
-48,520,3,AGUA
-48,520,2,AGUA
-48,400,5,AGUA
-48,400,6,AGUA
-48,400,3,AGUA
-48,400,4,AGUA
-48,400,9,AGUA
-48,400,7,AGUA
-48,400,8,AGUA
-33,1105,1,AGUA
-33,814,1,AGUA
-33,1344,1,AGUA
-33,1224,1,AGUA
-33,934,1,AGUA
-48,538,14,AGUA
-48,538,11,AGUA
-33,685,1,AGUA
-48,538,10,AGUA
-48,538,13,AGUA
-48,538,12,AGUA
-33,565,1,AGUA
-48,526,11,AGUA
-48,526,12,AGUA
-48,526,10,AGUA
-48,526,15,AGUA
-48,526,13,AGUA
-48,526,14,AGUA
-33,445,1,AGUA
-33,325,1,AGUA
-33,195,1,AGUA
-48,480,11,AGUA
-48,480,10,AGUA
-48,480,14,AGUA
-48,480,13,AGUA
-48,480,12,AGUA
-48,492,11,AGUA
-48,492,12,AGUA
-48,492,10,AGUA
-48,492,13,AGUA
-48,492,14,AGUA
-33,205,1,AGUA
-33,196,1,AGUA
-48,427,9,AGUA
-48,427,8,AGUA
-48,427,7,AGUA
-48,427,6,AGUA
-48,427,1,AGUA
-48,427,0,AGUA
-48,427,5,AGUA
-48,427,4,AGUA
-48,427,3,AGUA
-48,427,2,AGUA
-33,1096,1,AGUA
-48,547,9,AGUA
-48,547,7,AGUA
-48,547,8,AGUA
-33,1106,1,AGUA
-48,547,1,AGUA
-48,547,2,AGUA
-48,547,0,AGUA
-48,547,5,AGUA
-48,547,6,AGUA
-48,547,3,AGUA
-48,547,4,AGUA
-48,401,0,AGUA
-48,401,1,AGUA
-48,391,0,AGUA
-48,391,1,AGUA
-48,391,2,AGUA
-48,391,3,AGUA
-48,391,4,AGUA
-48,391,5,AGUA
-48,391,6,AGUA
-48,391,7,AGUA
-48,391,8,AGUA
-48,391,9,AGUA
-33,816,1,AGUA
-48,521,0,AGUA
-48,521,2,AGUA
-48,521,1,AGUA
-33,1346,1,AGUA
-48,401,4,AGUA
-33,1070,1,AGUA
-48,401,5,AGUA
-48,401,2,AGUA
-48,401,3,AGUA
-48,401,8,AGUA
-48,401,9,AGUA
-48,401,6,AGUA
-48,401,7,AGUA
-33,1226,1,AGUA
-33,936,1,AGUA
-48,521,4,AGUA
-48,521,3,AGUA
-48,521,6,AGUA
-48,521,5,AGUA
-48,521,8,AGUA
-48,521,7,AGUA
-48,521,9,AGUA
-33,935,1,AGUA
-48,520,5,AGUA
-48,520,4,AGUA
-48,520,7,AGUA
-48,520,6,AGUA
-48,520,9,AGUA
-48,520,8,AGUA
-33,660,1,AGUA
-33,540,1,AGUA
-33,1345,1,AGUA
-33,420,1,AGUA
-33,300,1,AGUA
-33,686,1,AGUA
-33,566,1,AGUA
-33,170,1,AGUA
-33,446,1,AGUA
-33,290,1,AGUA
-33,206,1,AGUA
-33,326,1,AGUA
-48,396,7,AGUA
-48,396,8,AGUA
-48,396,9,AGUA
-48,396,0,AGUA
-48,396,1,AGUA
-48,396,2,AGUA
-48,396,3,AGUA
-48,396,4,AGUA
-48,396,5,AGUA
-48,396,6,AGUA
-48,406,7,AGUA
-48,406,8,AGUA
-48,406,5,AGUA
-48,406,6,AGUA
-48,406,9,AGUA
-48,406,0,AGUA
-48,406,3,AGUA
-48,406,4,AGUA
-48,406,1,AGUA
-48,406,2,AGUA
-33,109,1,AGUA
-48,396,11,AGUA
-48,526,7,AGUA
-48,396,10,AGUA
-48,526,6,AGUA
-48,526,9,AGUA
-48,526,8,AGUA
-48,526,1,AGUA
-48,526,0,AGUA
-48,526,3,AGUA
-48,396,14,AGUA
-48,526,2,AGUA
-48,396,13,AGUA
-48,526,5,AGUA
-48,396,12,AGUA
-48,526,4,AGUA
-48,384,11,AGUA
-48,384,12,AGUA
-48,384,13,AGUA
-48,384,14,AGUA
-48,384,10,AGUA
-48,500,0,AGUA
-48,500,1,AGUA
-33,1129,1,AGUA
-48,490,8,AGUA
-48,490,9,AGUA
-48,490,6,AGUA
-48,490,7,AGUA
-48,490,4,AGUA
-48,490,5,AGUA
-48,490,2,AGUA
-48,490,3,AGUA
-48,490,0,AGUA
-48,490,1,AGUA
-48,500,2,AGUA
-48,500,3,AGUA
-48,500,4,AGUA
-48,500,5,AGUA
-48,500,6,AGUA
-48,500,7,AGUA
-33,1009,1,AGUA
-48,500,8,AGUA
-48,500,9,AGUA
-33,839,1,AGUA
-33,1369,1,AGUA
-33,1093,1,AGUA
-33,1249,1,AGUA
-33,959,1,AGUA
-33,682,1,AGUA
-33,958,1,AGUA
-33,1102,1,AGUA
-33,683,1,AGUA
-33,563,1,AGUA
-33,1368,1,AGUA
-33,1092,1,AGUA
-33,812,1,AGUA
-33,443,1,AGUA
-33,1342,1,AGUA
-33,323,1,AGUA
-33,932,1,AGUA
-33,719,1,AGUA
-33,1222,1,AGUA
-33,589,1,AGUA
-33,193,1,AGUA
-33,81,1,AGUA
-33,469,1,AGUA
-33,203,1,AGUA
-33,229,1,AGUA
-33,349,1,AGUA
-48,443,15,AGUA
-48,407,6,AGUA
-48,407,7,AGUA
-48,407,4,AGUA
-48,407,5,AGUA
-48,407,8,AGUA
-48,407,9,AGUA
-48,407,2,AGUA
-48,407,3,AGUA
-48,407,0,AGUA
-48,407,1,AGUA
-48,527,6,AGUA
-48,527,5,AGUA
-48,527,8,AGUA
-48,527,7,AGUA
-48,527,9,AGUA
-48,527,0,AGUA
-48,527,2,AGUA
-48,527,1,AGUA
-48,527,4,AGUA
-48,527,3,AGUA
-48,467,15,AGUA
-48,501,0,AGUA
-48,491,9,AGUA
-48,491,7,AGUA
-48,491,8,AGUA
-48,455,15,AGUA
-48,491,5,AGUA
-48,491,6,AGUA
-48,491,3,AGUA
-48,491,4,AGUA
-48,491,1,AGUA
-48,491,2,AGUA
-48,491,0,AGUA
-48,501,9,AGUA
-48,501,1,AGUA
-48,501,2,AGUA
-48,501,3,AGUA
-48,501,4,AGUA
-48,501,5,AGUA
-48,501,6,AGUA
-48,501,7,AGUA
-48,501,8,AGUA
-48,406,14,AGUA
-48,406,11,AGUA
-48,406,10,AGUA
-48,406,13,AGUA
-48,406,12,AGUA
-48,418,11,AGUA
-48,418,12,AGUA
-48,418,13,AGUA
-48,418,14,AGUA
-48,418,10,AGUA
-33,1104,1,AGUA
-33,1094,1,AGUA
-33,1223,1,AGUA
-33,813,1,AGUA
-33,933,1,AGUA
-33,684,1,AGUA
-33,1103,1,AGUA
-33,564,1,AGUA
-33,444,1,AGUA
-33,1343,1,AGUA
-33,204,1,AGUA
-33,324,1,AGUA
-33,80,1,AGUA
-48,397,6,AGUA
-48,397,7,AGUA
-48,397,8,AGUA
-48,397,9,AGUA
-33,194,1,AGUA
-48,397,0,AGUA
-48,397,1,AGUA
-48,397,2,AGUA
-48,397,3,AGUA
-48,397,4,AGUA
-48,397,5,AGUA
-48,394,9,AGUA
-48,394,0,AGUA
-48,394,1,AGUA
-48,394,2,AGUA
-48,394,3,AGUA
-48,394,4,AGUA
-48,394,5,AGUA
-48,394,6,AGUA
-48,394,7,AGUA
-48,394,8,AGUA
-48,404,9,AGUA
-48,404,7,AGUA
-48,404,8,AGUA
-48,404,1,AGUA
-48,404,2,AGUA
-48,404,0,AGUA
-48,404,5,AGUA
-48,404,6,AGUA
-48,404,3,AGUA
-48,404,4,AGUA
-48,524,9,AGUA
-48,524,8,AGUA
-48,524,1,AGUA
-48,524,0,AGUA
-48,524,3,AGUA
-48,524,2,AGUA
-48,524,5,AGUA
-48,524,4,AGUA
-48,524,7,AGUA
-48,524,6,AGUA
-33,680,1,AGUA
-33,1127,1,AGUA
-33,560,1,AGUA
-33,440,1,AGUA
-33,716,1,AGUA
-33,1007,1,AGUA
-33,1246,1,AGUA
-33,441,1,AGUA
-33,321,1,AGUA
-33,717,1,AGUA
-33,836,1,AGUA
-33,1126,1,AGUA
-33,587,1,AGUA
-33,191,1,AGUA
-33,956,1,AGUA
-33,1100,1,AGUA
-33,83,1,AGUA
-33,467,1,AGUA
-33,1366,1,AGUA
-33,1090,1,AGUA
-33,201,1,AGUA
-33,810,1,AGUA
-33,1340,1,AGUA
-33,930,1,AGUA
-33,227,1,AGUA
-33,1220,1,AGUA
-33,347,1,AGUA
-33,107,1,AGUA
-48,600,14,AGUA
-48,600,10,AGUA
-48,600,11,AGUA
-48,600,12,AGUA
-48,600,13,AGUA
-48,395,8,AGUA
-48,395,9,AGUA
-48,395,0,AGUA
-48,395,1,AGUA
-48,395,2,AGUA
-48,395,3,AGUA
-48,395,4,AGUA
-48,395,5,AGUA
-48,395,6,AGUA
-48,395,7,AGUA
-48,405,8,AGUA
-48,405,9,AGUA
-48,405,6,AGUA
-48,405,7,AGUA
-48,405,0,AGUA
-48,405,1,AGUA
-48,405,4,AGUA
-48,405,5,AGUA
-48,405,2,AGUA
-48,405,3,AGUA
-48,525,8,AGUA
-48,525,7,AGUA
-48,525,9,AGUA
-48,525,0,AGUA
-48,525,2,AGUA
-48,525,1,AGUA
-48,525,4,AGUA
-48,525,3,AGUA
-48,525,6,AGUA
-48,525,5,AGUA
-48,590,14,AGUA
-48,590,15,AGUA
-48,590,12,AGUA
-48,590,13,AGUA
-48,590,10,AGUA
-48,590,11,AGUA
-33,1008,1,AGUA
-33,1248,1,AGUA
-33,681,1,AGUA
-33,838,1,AGUA
-33,1128,1,AGUA
-33,561,1,AGUA
-33,837,1,AGUA
-33,562,1,AGUA
-33,1367,1,AGUA
-33,1091,1,AGUA
-33,1247,1,AGUA
-33,957,1,AGUA
-33,442,1,AGUA
-33,718,1,AGUA
-33,1221,1,AGUA
-33,202,1,AGUA
-33,811,1,AGUA
-33,588,1,AGUA
-33,322,1,AGUA
-33,931,1,AGUA
-33,1101,1,AGUA
-33,82,1,AGUA
-33,468,1,AGUA
-33,348,1,AGUA
-33,192,1,AGUA
-33,1341,1,AGUA
-33,108,1,AGUA
-33,228,1,AGUA
-33,393,1,AGUA
-48,494,8,AGUA
-48,494,9,AGUA
-33,1329,1,AGUA
-33,403,1,AGUA
-33,789,1,AGUA
-48,494,6,AGUA
-48,494,7,AGUA
-48,494,4,AGUA
-48,494,5,AGUA
-48,494,2,AGUA
-48,494,3,AGUA
-48,494,0,AGUA
-48,494,1,AGUA
-33,1209,1,AGUA
-33,919,1,AGUA
-33,1199,1,AGUA
-48,504,6,AGUA
-48,504,7,AGUA
-48,504,8,AGUA
-48,504,9,AGUA
-33,669,1,AGUA
-48,504,0,AGUA
-48,504,1,AGUA
-48,504,2,AGUA
-48,504,3,AGUA
-48,504,4,AGUA
-48,504,5,AGUA
-33,1293,1,AGUA
-33,153,1,AGUA
-33,1173,1,AGUA
-33,549,1,AGUA
-33,273,1,AGUA
-33,1053,1,AGUA
-33,883,1,AGUA
-33,429,1,AGUA
-33,299,1,AGUA
-33,1303,1,AGUA
-33,309,1,AGUA
-33,179,1,AGUA
-33,1423,1,AGUA
-33,763,1,AGUA
-33,1079,1,AGUA
-33,24,1,AGUA
-33,643,1,AGUA
-33,523,1,AGUA
-33,524,1,AGUA
-33,1054,1,AGUA
-48,505,5,AGUA
-48,505,6,AGUA
-48,505,7,AGUA
-48,505,8,AGUA
-48,505,9,AGUA
-33,49,1,AGUA
-48,505,0,AGUA
-48,505,1,AGUA
-48,505,2,AGUA
-48,505,3,AGUA
-48,505,4,AGUA
-33,404,1,AGUA
-33,274,1,AGUA
-33,1304,1,AGUA
-33,884,1,AGUA
-48,385,15,AGUA
-33,1294,1,AGUA
-33,394,1,AGUA
-33,1174,1,AGUA
-33,154,1,AGUA
-33,1424,1,AGUA
-33,23,1,AGUA
-33,764,1,AGUA
-48,495,9,AGUA
-48,495,7,AGUA
-48,495,8,AGUA
-48,495,5,AGUA
-48,495,6,AGUA
-48,495,3,AGUA
-48,495,4,AGUA
-48,495,1,AGUA
-48,495,2,AGUA
-48,495,0,AGUA
-33,644,1,AGUA
-33,547,1,AGUA
-33,151,1,AGUA
-33,1077,1,AGUA
-48,528,5,AGUA
-48,528,4,AGUA
-48,528,7,AGUA
-48,528,6,AGUA
-48,528,9,AGUA
-48,528,8,AGUA
-33,26,1,AGUA
-48,528,1,AGUA
-48,528,0,AGUA
-48,528,3,AGUA
-48,528,2,AGUA
-33,271,1,AGUA
-33,427,1,AGUA
-33,297,1,AGUA
-33,1327,1,AGUA
-33,1051,1,AGUA
-48,492,8,AGUA
-48,492,9,AGUA
-48,492,6,AGUA
-48,492,7,AGUA
-48,492,4,AGUA
-48,492,5,AGUA
-48,492,2,AGUA
-48,492,3,AGUA
-48,492,0,AGUA
-48,492,1,AGUA
-33,1207,1,AGUA
-33,917,1,AGUA
-33,307,1,AGUA
-33,1197,1,AGUA
-48,502,8,AGUA
-48,502,9,AGUA
-48,502,0,AGUA
-48,502,1,AGUA
-48,502,2,AGUA
-48,502,3,AGUA
-48,502,4,AGUA
-48,502,5,AGUA
-48,502,6,AGUA
-48,502,7,AGUA
-33,1291,1,AGUA
-48,566,13,AGUA
-48,566,14,AGUA
-48,566,11,AGUA
-48,566,12,AGUA
-48,566,10,AGUA
-33,881,1,AGUA
-33,177,1,AGUA
-33,1171,1,AGUA
-48,578,14,AGUA
-48,578,11,AGUA
-48,578,10,AGUA
-48,578,13,AGUA
-48,578,12,AGUA
-33,1421,1,AGUA
-33,1301,1,AGUA
-33,1420,1,AGUA
-33,761,1,AGUA
-33,641,1,AGUA
-33,521,1,AGUA
-48,398,5,AGUA
-48,398,6,AGUA
-48,398,7,AGUA
-48,398,8,AGUA
-48,398,9,AGUA
-33,391,1,AGUA
-33,401,1,AGUA
-33,787,1,AGUA
-48,398,0,AGUA
-48,398,1,AGUA
-48,398,2,AGUA
-48,398,3,AGUA
-48,398,4,AGUA
-48,408,5,AGUA
-48,408,6,AGUA
-48,408,3,AGUA
-48,408,4,AGUA
-48,408,9,AGUA
-48,408,7,AGUA
-48,408,8,AGUA
-48,408,1,AGUA
-48,408,2,AGUA
-48,408,0,AGUA
-33,667,1,AGUA
-33,1208,1,AGUA
-33,272,1,AGUA
-33,1198,1,AGUA
-33,668,1,AGUA
-33,548,1,AGUA
-33,392,1,AGUA
-48,493,9,AGUA
-33,1078,1,AGUA
-48,493,7,AGUA
-48,493,8,AGUA
-48,493,5,AGUA
-48,493,6,AGUA
-48,493,3,AGUA
-48,493,4,AGUA
-48,493,1,AGUA
-48,493,2,AGUA
-48,493,0,AGUA
-33,1052,1,AGUA
-33,918,1,AGUA
-33,308,1,AGUA
-33,1172,1,AGUA
-33,428,1,AGUA
-48,503,7,AGUA
-48,503,8,AGUA
-48,503,9,AGUA
-48,503,0,AGUA
-48,503,1,AGUA
-48,503,2,AGUA
-48,503,3,AGUA
-48,503,4,AGUA
-48,503,5,AGUA
-48,503,6,AGUA
-33,1328,1,AGUA
-33,152,1,AGUA
-33,1302,1,AGUA
-33,178,1,AGUA
-33,882,1,AGUA
-33,1422,1,AGUA
-33,298,1,AGUA
-33,1292,1,AGUA
-48,505,15,AGUA
-48,542,15,AGUA
-48,542,10,AGUA
-48,542,11,AGUA
-48,542,12,AGUA
-48,542,13,AGUA
-48,542,14,AGUA
-48,554,15,AGUA
-48,554,14,AGUA
-48,554,13,AGUA
-48,554,12,AGUA
-48,554,11,AGUA
-48,554,10,AGUA
-33,762,1,AGUA
-48,399,4,AGUA
-48,399,5,AGUA
-48,399,6,AGUA
-48,399,7,AGUA
-48,399,8,AGUA
-48,399,9,AGUA
-48,399,0,AGUA
-48,399,1,AGUA
-33,642,1,AGUA
-48,399,2,AGUA
-48,399,3,AGUA
-33,522,1,AGUA
-48,409,4,AGUA
-48,530,14,AGUA
-48,409,5,AGUA
-48,409,2,AGUA
-48,409,3,AGUA
-48,409,8,AGUA
-48,409,9,AGUA
-48,409,6,AGUA
-48,409,7,AGUA
-48,530,11,AGUA
-48,409,0,AGUA
-48,530,10,AGUA
-48,409,1,AGUA
-48,530,13,AGUA
-48,530,12,AGUA
-48,529,15,AGUA
-33,402,1,AGUA
-33,788,1,AGUA
-48,529,4,AGUA
-48,529,3,AGUA
-48,529,6,AGUA
-48,529,5,AGUA
-48,529,8,AGUA
-48,529,7,AGUA
-48,529,9,AGUA
-33,25,1,AGUA
-48,529,0,AGUA
-48,529,2,AGUA
-48,529,1,AGUA
-48,602,5,AGUA
-48,602,6,AGUA
-48,602,3,AGUA
-48,602,4,AGUA
-48,602,1,AGUA
-48,602,2,AGUA
-33,295,1,AGUA
-48,602,0,AGUA
-48,602,9,AGUA
-48,602,7,AGUA
-48,602,8,AGUA
-48,592,9,AGUA
-48,592,5,AGUA
-48,592,6,AGUA
-48,592,7,AGUA
-48,592,8,AGUA
-48,592,1,AGUA
-48,592,2,AGUA
-48,592,3,AGUA
-48,592,4,AGUA
-48,592,0,AGUA
-33,305,1,AGUA
-48,410,15,AGUA
-33,1075,1,AGUA
-48,410,10,AGUA
-48,410,11,AGUA
-48,410,12,AGUA
-48,410,13,AGUA
-48,410,14,AGUA
-33,28,1,AGUA
-48,422,14,AGUA
-48,422,13,AGUA
-48,422,12,AGUA
-48,422,11,AGUA
-48,422,10,AGUA
-33,175,1,AGUA
-33,1325,1,AGUA
-33,1205,1,AGUA
-33,915,1,AGUA
-33,1195,1,AGUA
-48,378,2,AGUA
-48,378,1,AGUA
-48,378,0,AGUA
-48,378,9,AGUA
-48,378,8,AGUA
-48,378,7,AGUA
-48,378,6,AGUA
-48,378,5,AGUA
-48,378,4,AGUA
-48,378,3,AGUA
-48,498,8,AGUA
-48,498,9,AGUA
-48,498,6,AGUA
-48,498,7,AGUA
-48,498,4,AGUA
-48,498,5,AGUA
-33,785,1,AGUA
-48,498,2,AGUA
-48,498,3,AGUA
-48,498,0,AGUA
-48,498,1,AGUA
-48,508,2,AGUA
-48,508,3,AGUA
-48,508,4,AGUA
-48,508,5,AGUA
-33,665,1,AGUA
-48,508,6,AGUA
-48,508,7,AGUA
-48,508,8,AGUA
-48,508,9,AGUA
-48,508,0,AGUA
-48,508,1,AGUA
-33,545,1,AGUA
-48,472,9,AGUA
-48,472,8,AGUA
-33,425,1,AGUA
-48,472,5,AGUA
-48,472,4,AGUA
-48,472,7,AGUA
-48,472,6,AGUA
-48,472,1,AGUA
-48,472,0,AGUA
-48,472,3,AGUA
-48,472,2,AGUA
-33,426,1,AGUA
-33,306,1,AGUA
-48,603,4,AGUA
-48,603,5,AGUA
-48,603,2,AGUA
-48,603,3,AGUA
-48,603,0,AGUA
-48,603,1,AGUA
-48,603,8,AGUA
-48,603,9,AGUA
-48,603,6,AGUA
-48,603,7,AGUA
-33,150,1,AGUA
-33,27,1,AGUA
-33,1206,1,AGUA
-33,176,1,AGUA
-33,1196,1,AGUA
-33,296,1,AGUA
-33,1076,1,AGUA
-33,916,1,AGUA
-33,1170,1,AGUA
-33,1326,1,AGUA
-33,1050,1,AGUA
-33,880,1,AGUA
-33,1300,1,AGUA
-33,1290,1,AGUA
-48,379,1,AGUA
-48,379,0,AGUA
-33,760,1,AGUA
-48,379,9,AGUA
-48,379,8,AGUA
-48,379,7,AGUA
-48,379,6,AGUA
-48,379,5,AGUA
-48,379,4,AGUA
-48,379,3,AGUA
-48,379,2,AGUA
-48,499,9,AGUA
-48,499,7,AGUA
-48,499,8,AGUA
-48,499,5,AGUA
-48,499,6,AGUA
-48,499,3,AGUA
-48,499,4,AGUA
-48,499,1,AGUA
-48,499,2,AGUA
-48,499,0,AGUA
-33,640,1,AGUA
-33,520,1,AGUA
-48,446,15,AGUA
-48,446,14,AGUA
-48,446,11,AGUA
-48,446,10,AGUA
-48,446,13,AGUA
-48,446,12,AGUA
-48,509,9,AGUA
-48,509,1,AGUA
-48,509,2,AGUA
-48,509,3,AGUA
-48,509,4,AGUA
-48,509,5,AGUA
-48,509,6,AGUA
-48,509,7,AGUA
-48,509,8,AGUA
-48,509,0,AGUA
-33,400,1,AGUA
-33,786,1,AGUA
-48,434,13,AGUA
-48,434,14,AGUA
-48,434,11,AGUA
-48,434,12,AGUA
-48,434,10,AGUA
-33,270,1,AGUA
-48,473,8,AGUA
-48,473,7,AGUA
-48,473,9,AGUA
-48,473,4,AGUA
-48,473,3,AGUA
-48,473,6,AGUA
-48,473,5,AGUA
-48,473,0,AGUA
-33,666,1,AGUA
-48,473,2,AGUA
-48,473,1,AGUA
-33,546,1,AGUA
-48,458,10,AGUA
-33,390,1,AGUA
-48,458,11,AGUA
-48,458,12,AGUA
-48,458,13,AGUA
-48,458,14,AGUA
-48,593,8,AGUA
-48,593,9,AGUA
-48,593,4,AGUA
-48,593,5,AGUA
-48,593,6,AGUA
-48,593,7,AGUA
-48,593,0,AGUA
-48,593,1,AGUA
-48,593,2,AGUA
-48,593,3,AGUA
-33,449,1,AGUA
-33,329,1,AGUA
-33,173,1,AGUA
-48,470,7,AGUA
-48,470,6,AGUA
-48,470,9,AGUA
-48,470,8,AGUA
-48,470,3,AGUA
-48,470,2,AGUA
-48,470,5,AGUA
-48,470,4,AGUA
-48,470,1,AGUA
-48,470,0,AGUA
-48,600,7,AGUA
-48,600,8,AGUA
-48,600,5,AGUA
-33,1229,1,AGUA
-48,600,6,AGUA
-48,600,3,AGUA
-48,600,4,AGUA
-48,600,1,AGUA
-48,600,2,AGUA
-48,600,9,AGUA
-33,199,1,AGUA
-48,590,7,AGUA
-48,590,8,AGUA
-48,590,9,AGUA
-48,590,3,AGUA
-48,590,4,AGUA
-48,590,5,AGUA
-48,590,6,AGUA
-48,590,0,AGUA
-48,590,1,AGUA
-48,590,2,AGUA
-33,819,1,AGUA
-33,209,1,AGUA
-33,1099,1,AGUA
-33,1109,1,AGUA
-33,1,1,AGUA
-48,600,0,AGUA
-33,939,1,AGUA
-33,1193,1,AGUA
-33,1349,1,AGUA
-33,1073,1,AGUA
-33,1323,1,AGUA
-33,1203,1,AGUA
-33,913,1,AGUA
-33,912,1,AGUA
-33,1322,1,AGUA
-33,783,1,AGUA
-33,663,1,AGUA
-33,543,1,AGUA
-33,423,1,AGUA
-33,293,1,AGUA
-48,496,8,AGUA
-48,496,9,AGUA
-48,496,6,AGUA
-48,496,7,AGUA
-48,496,4,AGUA
-48,496,5,AGUA
-48,496,2,AGUA
-48,496,3,AGUA
-48,496,0,AGUA
-33,689,1,AGUA
-48,496,1,AGUA
-33,569,1,AGUA
-33,303,1,AGUA
-48,506,4,AGUA
-48,506,5,AGUA
-48,506,6,AGUA
-48,506,7,AGUA
-48,506,8,AGUA
-48,506,9,AGUA
-48,506,0,AGUA
-48,506,1,AGUA
-48,506,2,AGUA
-48,506,3,AGUA
-48,471,9,AGUA
-33,174,1,AGUA
-48,471,6,AGUA
-48,471,5,AGUA
-48,471,8,AGUA
-48,471,7,AGUA
-48,471,2,AGUA
-48,471,1,AGUA
-48,471,4,AGUA
-48,471,3,AGUA
-48,471,0,AGUA
-33,294,1,AGUA
-48,591,6,AGUA
-48,591,7,AGUA
-48,591,8,AGUA
-48,591,9,AGUA
-48,591,2,AGUA
-48,591,3,AGUA
-48,591,4,AGUA
-48,591,5,AGUA
-48,591,0,AGUA
-48,591,1,AGUA
-33,0,1,AGUA
-48,601,6,AGUA
-48,601,7,AGUA
-48,601,4,AGUA
-48,601,5,AGUA
-48,601,2,AGUA
-48,601,3,AGUA
-48,601,0,AGUA
-48,601,1,AGUA
-48,601,8,AGUA
-48,601,9,AGUA
-33,29,1,AGUA
-33,1204,1,AGUA
-33,1074,1,AGUA
-33,1194,1,AGUA
-33,914,1,AGUA
-33,1324,1,AGUA
-33,784,1,AGUA
-48,377,3,AGUA
-48,377,2,AGUA
-48,377,1,AGUA
-48,377,0,AGUA
-33,664,1,AGUA
-48,377,9,AGUA
-48,377,8,AGUA
-48,377,7,AGUA
-48,377,6,AGUA
-48,377,5,AGUA
-48,377,4,AGUA
-33,544,1,AGUA
-48,497,9,AGUA
-48,497,7,AGUA
-48,497,8,AGUA
-48,497,5,AGUA
-48,497,6,AGUA
-48,497,3,AGUA
-48,497,4,AGUA
-48,497,1,AGUA
-48,497,2,AGUA
-48,497,0,AGUA
-33,424,1,AGUA
-33,304,1,AGUA
-48,507,3,AGUA
-48,507,4,AGUA
-48,507,5,AGUA
-48,507,6,AGUA
-48,507,7,AGUA
-48,507,8,AGUA
-48,507,9,AGUA
-48,507,0,AGUA
-48,507,1,AGUA
-48,507,2,AGUA
-48,387,15,AGUA
-48,581,15,AGUA
-33,1395,1,AGUA
-33,1405,1,AGUA
-33,745,1,AGUA
-48,532,10,AGUA
-48,532,11,AGUA
-48,532,14,AGUA
-48,532,12,AGUA
-48,532,13,AGUA
-33,625,1,AGUA
-33,505,1,AGUA
-48,544,10,AGUA
-48,544,12,AGUA
-48,544,11,AGUA
-48,544,14,AGUA
-48,544,13,AGUA
-33,495,1,AGUA
-48,556,10,AGUA
-48,556,11,AGUA
-48,556,12,AGUA
-48,556,13,AGUA
-48,556,14,AGUA
-48,556,15,AGUA
-33,255,1,AGUA
-33,375,1,AGUA
-48,568,10,AGUA
-48,568,14,AGUA
-48,568,13,AGUA
-48,568,12,AGUA
-48,568,11,AGUA
-33,136,1,AGUA
-33,256,1,AGUA
-33,42,1,AGUA
-48,476,9,AGUA
-48,476,8,AGUA
-48,476,5,AGUA
-48,476,4,AGUA
-48,476,7,AGUA
-48,476,6,AGUA
-48,476,1,AGUA
-48,476,0,AGUA
-48,476,3,AGUA
-48,476,2,AGUA
-33,1035,1,AGUA
-48,596,9,AGUA
-48,596,5,AGUA
-48,596,6,AGUA
-48,596,7,AGUA
-48,596,8,AGUA
-48,596,1,AGUA
-48,596,2,AGUA
-48,596,3,AGUA
-48,596,4,AGUA
-48,596,0,AGUA
-33,68,1,AGUA
-48,450,8,AGUA
-48,450,9,AGUA
-33,865,1,AGUA
-48,450,4,AGUA
-48,450,5,AGUA
-48,450,6,AGUA
-48,450,7,AGUA
-33,1275,1,AGUA
-48,450,0,AGUA
-48,450,1,AGUA
-48,450,2,AGUA
-48,450,3,AGUA
-33,985,1,AGUA
-48,570,9,AGUA
-48,570,4,AGUA
-48,570,3,AGUA
-48,570,2,AGUA
-48,570,1,AGUA
-48,570,8,AGUA
-48,570,7,AGUA
-33,1155,1,AGUA
-48,570,6,AGUA
-48,570,5,AGUA
-48,570,0,AGUA
-33,1370,1,AGUA
-33,840,1,AGUA
-33,1250,1,AGUA
-33,720,1,AGUA
-33,960,1,AGUA
-33,1130,1,AGUA
-33,600,1,AGUA
-33,590,1,AGUA
-33,746,1,AGUA
-33,470,1,AGUA
-33,626,1,AGUA
-33,230,1,AGUA
-33,350,1,AGUA
-33,506,1,AGUA
-33,376,1,AGUA
-33,496,1,AGUA
-33,110,1,AGUA
-33,40,1,AGUA
-33,257,1,AGUA
-33,41,1,AGUA
-33,377,1,AGUA
-48,477,8,AGUA
-48,477,7,AGUA
-48,477,9,AGUA
-48,477,4,AGUA
-48,477,3,AGUA
-48,477,6,AGUA
-48,477,5,AGUA
-48,477,0,AGUA
-48,477,2,AGUA
-48,477,1,AGUA
-48,597,8,AGUA
-48,597,9,AGUA
-33,137,1,AGUA
-48,597,4,AGUA
-48,597,5,AGUA
-48,597,6,AGUA
-48,597,7,AGUA
-48,597,0,AGUA
-48,597,1,AGUA
-48,597,2,AGUA
-48,597,3,AGUA
-33,67,1,AGUA
-33,1156,1,AGUA
-48,520,10,AGUA
-48,520,14,AGUA
-48,520,13,AGUA
-48,520,12,AGUA
-48,520,11,AGUA
-48,451,7,AGUA
-48,451,8,AGUA
-48,451,9,AGUA
-48,519,15,AGUA
-33,1036,1,AGUA
-33,866,1,AGUA
-33,1406,1,AGUA
-48,451,3,AGUA
-48,451,4,AGUA
-48,451,5,AGUA
-48,451,6,AGUA
-48,451,0,AGUA
-48,451,1,AGUA
-48,451,2,AGUA
-33,986,1,AGUA
-33,1010,1,AGUA
-48,571,9,AGUA
-48,571,8,AGUA
-48,571,3,AGUA
-48,571,2,AGUA
-48,571,1,AGUA
-48,571,0,AGUA
-48,571,7,AGUA
-48,571,6,AGUA
-48,571,5,AGUA
-48,571,4,AGUA
-33,1396,1,AGUA
-48,507,15,AGUA
-33,1276,1,AGUA
-33,863,1,AGUA
-33,1403,1,AGUA
-33,743,1,AGUA
-33,1273,1,AGUA
-33,983,1,AGUA
-33,1153,1,AGUA
-33,623,1,AGUA
-33,503,1,AGUA
-33,769,1,AGUA
-33,493,1,AGUA
-33,1393,1,AGUA
-33,649,1,AGUA
-33,253,1,AGUA
-33,373,1,AGUA
-33,529,1,AGUA
-33,399,1,AGUA
-33,409,1,AGUA
-33,133,1,AGUA
-33,44,1,AGUA
-33,1179,1,AGUA
-48,474,7,AGUA
-48,474,6,AGUA
-48,474,9,AGUA
-48,474,8,AGUA
-33,1059,1,AGUA
-33,889,1,AGUA
-33,1429,1,AGUA
-48,474,3,AGUA
-48,474,2,AGUA
-48,474,5,AGUA
-48,474,4,AGUA
-48,474,1,AGUA
-48,474,0,AGUA
-48,604,3,AGUA
-48,604,4,AGUA
-48,604,1,AGUA
-48,604,2,AGUA
-48,604,0,AGUA
-48,604,9,AGUA
-48,604,7,AGUA
-48,604,8,AGUA
-48,604,5,AGUA
-48,604,6,AGUA
-33,1033,1,AGUA
-48,594,7,AGUA
-48,594,8,AGUA
-48,594,9,AGUA
-48,594,3,AGUA
-48,594,4,AGUA
-48,594,5,AGUA
-48,594,6,AGUA
-48,594,0,AGUA
-48,594,1,AGUA
-48,594,2,AGUA
-33,1309,1,AGUA
-33,1299,1,AGUA
-33,984,1,AGUA
-33,1394,1,AGUA
-33,744,1,AGUA
-33,1274,1,AGUA
-33,624,1,AGUA
-33,504,1,AGUA
-33,1404,1,AGUA
-33,374,1,AGUA
-33,494,1,AGUA
-33,134,1,AGUA
-48,497,15,AGUA
-33,254,1,AGUA
-33,135,1,AGUA
-48,448,14,AGUA
-48,448,15,AGUA
-48,448,12,AGUA
-48,448,13,AGUA
-48,448,10,AGUA
-48,448,11,AGUA
-33,43,1,AGUA
-48,461,15,AGUA
-48,475,9,AGUA
-48,475,6,AGUA
-48,475,5,AGUA
-48,475,8,AGUA
-48,475,7,AGUA
-48,400,10,AGUA
-48,400,11,AGUA
-48,400,14,AGUA
-48,400,12,AGUA
-48,400,13,AGUA
-48,475,2,AGUA
-48,475,1,AGUA
-48,475,4,AGUA
-48,475,3,AGUA
-48,475,0,AGUA
-48,412,10,AGUA
-48,412,12,AGUA
-48,412,11,AGUA
-48,412,14,AGUA
-48,595,6,AGUA
-48,412,13,AGUA
-48,595,7,AGUA
-48,595,8,AGUA
-48,412,15,AGUA
-48,595,9,AGUA
-48,595,2,AGUA
-48,595,3,AGUA
-48,595,4,AGUA
-48,595,5,AGUA
-48,595,0,AGUA
-48,595,1,AGUA
-33,69,1,AGUA
-48,424,10,AGUA
-48,424,11,AGUA
-48,424,12,AGUA
-48,424,13,AGUA
-48,424,14,AGUA
-33,1154,1,AGUA
-48,436,10,AGUA
-48,436,14,AGUA
-48,436,13,AGUA
-48,436,12,AGUA
-48,436,11,AGUA
-33,1034,1,AGUA
-33,864,1,AGUA
-33,501,1,AGUA
-33,1031,1,AGUA
-33,1307,1,AGUA
-33,767,1,AGUA
-33,1297,1,AGUA
-33,491,1,AGUA
-33,1391,1,AGUA
-33,251,1,AGUA
-33,861,1,AGUA
-33,647,1,AGUA
-33,981,1,AGUA
-33,371,1,AGUA
-33,1271,1,AGUA
-33,1151,1,AGUA
-33,1427,1,AGUA
-33,527,1,AGUA
-33,397,1,AGUA
-33,407,1,AGUA
-33,131,1,AGUA
-33,157,1,AGUA
-33,1401,1,AGUA
-33,277,1,AGUA
-33,158,1,AGUA
-48,454,8,AGUA
-48,454,9,AGUA
-48,454,4,AGUA
-48,454,5,AGUA
-48,454,6,AGUA
-48,454,7,AGUA
-48,454,0,AGUA
-48,454,1,AGUA
-48,454,2,AGUA
-48,454,3,AGUA
-33,20,1,AGUA
-48,574,8,AGUA
-48,574,7,AGUA
-48,574,6,AGUA
-48,574,5,AGUA
-48,574,9,AGUA
-48,574,0,AGUA
-48,574,4,AGUA
-48,574,3,AGUA
-48,574,2,AGUA
-48,574,1,AGUA
-33,46,1,AGUA
-33,1177,1,AGUA
-33,741,1,AGUA
-33,1057,1,AGUA
-33,887,1,AGUA
-33,621,1,AGUA
-33,1152,1,AGUA
-33,622,1,AGUA
-33,502,1,AGUA
-33,1032,1,AGUA
-33,862,1,AGUA
-33,1402,1,AGUA
-33,982,1,AGUA
-33,372,1,AGUA
-33,1428,1,AGUA
-33,768,1,AGUA
-33,492,1,AGUA
-33,1392,1,AGUA
-33,648,1,AGUA
-33,1272,1,AGUA
-33,132,1,AGUA
-33,528,1,AGUA
-33,252,1,AGUA
-33,408,1,AGUA
-33,278,1,AGUA
-33,398,1,AGUA
-33,159,1,AGUA
-48,455,7,AGUA
-48,455,8,AGUA
-48,455,9,AGUA
-33,279,1,AGUA
-48,455,3,AGUA
-48,455,4,AGUA
-48,455,5,AGUA
-48,455,6,AGUA
-48,455,0,AGUA
-48,455,1,AGUA
-48,455,2,AGUA
-48,575,7,AGUA
-48,575,6,AGUA
-48,575,5,AGUA
-48,575,4,AGUA
-48,575,9,AGUA
-48,575,8,AGUA
-48,575,3,AGUA
-48,575,2,AGUA
-48,575,1,AGUA
-48,575,0,AGUA
-48,390,14,AGUA
-48,390,10,AGUA
-48,390,11,AGUA
-48,390,12,AGUA
-48,390,13,AGUA
-33,1058,1,AGUA
-48,389,15,AGUA
-33,45,1,AGUA
-48,377,15,AGUA
-33,1308,1,AGUA
-33,888,1,AGUA
-33,1298,1,AGUA
-33,1178,1,AGUA
-33,742,1,AGUA
-48,546,10,AGUA
-48,546,13,AGUA
-48,546,14,AGUA
-48,546,11,AGUA
-48,546,12,AGUA
-33,1175,1,AGUA
-48,534,13,AGUA
-48,534,12,AGUA
-48,534,11,AGUA
-48,534,10,AGUA
-48,534,15,AGUA
-48,534,14,AGUA
-33,645,1,AGUA
-33,525,1,AGUA
-48,558,13,AGUA
-48,558,12,AGUA
-48,558,14,AGUA
-33,1055,1,AGUA
-48,558,11,AGUA
-48,558,10,AGUA
-33,885,1,AGUA
-33,1425,1,AGUA
-48,522,13,AGUA
-48,522,14,AGUA
-48,522,15,AGUA
-48,522,10,AGUA
-48,522,11,AGUA
-48,522,12,AGUA
-48,510,13,AGUA
-48,510,12,AGUA
-33,395,1,AGUA
-48,510,14,AGUA
-48,510,11,AGUA
-48,571,15,AGUA
-48,510,10,AGUA
-33,405,1,AGUA
-33,1305,1,AGUA
-33,1295,1,AGUA
-48,509,15,AGUA
-33,155,1,AGUA
-33,275,1,AGUA
-48,478,7,AGUA
-48,478,6,AGUA
-48,478,9,AGUA
-48,478,8,AGUA
-48,478,3,AGUA
-48,478,2,AGUA
-48,478,5,AGUA
-48,478,4,AGUA
-48,478,1,AGUA
-48,478,0,AGUA
-48,598,7,AGUA
-48,598,8,AGUA
-48,598,9,AGUA
-48,598,3,AGUA
-48,598,4,AGUA
-48,598,5,AGUA
-48,598,6,AGUA
-48,598,0,AGUA
-48,598,1,AGUA
-48,598,2,AGUA
-48,452,6,AGUA
-48,452,7,AGUA
-48,452,8,AGUA
-48,452,9,AGUA
-48,452,2,AGUA
-48,452,3,AGUA
-48,452,4,AGUA
-48,452,5,AGUA
-48,452,0,AGUA
-48,452,1,AGUA
-33,22,1,AGUA
-48,572,9,AGUA
-48,572,8,AGUA
-48,572,7,AGUA
-48,572,2,AGUA
-48,572,1,AGUA
-48,572,0,AGUA
-48,572,6,AGUA
-48,572,5,AGUA
-48,572,4,AGUA
-48,572,3,AGUA
-33,765,1,AGUA
-33,48,1,AGUA
-33,370,1,AGUA
-33,1306,1,AGUA
-33,886,1,AGUA
-33,1426,1,AGUA
-33,766,1,AGUA
-33,1296,1,AGUA
-33,490,1,AGUA
-33,1176,1,AGUA
-33,646,1,AGUA
-33,526,1,AGUA
-33,1270,1,AGUA
-33,130,1,AGUA
-33,1030,1,AGUA
-33,860,1,AGUA
-33,250,1,AGUA
-33,1150,1,AGUA
-33,406,1,AGUA
-33,980,1,AGUA
-33,276,1,AGUA
-33,1390,1,AGUA
-33,396,1,AGUA
-33,156,1,AGUA
-33,1400,1,AGUA
-48,479,9,AGUA
-48,479,6,AGUA
-48,479,5,AGUA
-48,479,8,AGUA
-48,479,7,AGUA
-48,479,2,AGUA
-48,479,1,AGUA
-48,479,4,AGUA
-48,479,3,AGUA
-48,479,0,AGUA
-48,599,6,AGUA
-48,599,7,AGUA
-48,599,8,AGUA
-48,599,9,AGUA
-48,599,2,AGUA
-48,599,3,AGUA
-48,599,4,AGUA
-48,599,5,AGUA
-48,599,0,AGUA
-48,599,1,AGUA
-48,453,9,AGUA
-48,453,5,AGUA
-48,453,6,AGUA
-48,453,7,AGUA
-48,453,8,AGUA
-48,453,1,AGUA
-48,453,2,AGUA
-48,453,3,AGUA
-48,453,4,AGUA
-48,453,0,AGUA
-33,21,1,AGUA
-48,573,9,AGUA
-48,573,8,AGUA
-48,573,7,AGUA
-48,573,6,AGUA
-48,573,1,AGUA
-48,573,0,AGUA
-48,573,5,AGUA
-48,573,4,AGUA
-48,573,3,AGUA
-48,573,2,AGUA
-33,740,1,AGUA
-33,1056,1,AGUA
-33,47,1,AGUA
-33,620,1,AGUA
-33,500,1,AGUA
-33,701,1,AGUA
-48,459,7,AGUA
-48,459,8,AGUA
-48,459,9,AGUA
-48,459,3,AGUA
-48,459,4,AGUA
-48,459,5,AGUA
-48,459,6,AGUA
-48,459,0,AGUA
-48,459,1,AGUA
-48,459,2,AGUA
-33,691,1,AGUA
-33,72,1,AGUA
-48,579,9,AGUA
-48,579,8,AGUA
-48,579,3,AGUA
-33,1018,1,AGUA
-48,579,2,AGUA
-48,579,1,AGUA
-48,579,0,AGUA
-48,579,7,AGUA
-48,579,6,AGUA
-48,579,5,AGUA
-48,579,4,AGUA
-33,99,1,AGUA
-33,571,1,AGUA
-33,727,1,AGUA
-33,451,1,AGUA
-33,332,1,AGUA
-33,728,1,AGUA
-33,1137,1,AGUA
-33,452,1,AGUA
-33,608,1,AGUA
-48,432,7,AGUA
-48,432,6,AGUA
-48,432,5,AGUA
-48,432,4,AGUA
-48,432,9,AGUA
-48,432,8,AGUA
-33,1017,1,AGUA
-33,847,1,AGUA
-48,432,3,AGUA
-48,432,2,AGUA
-48,432,1,AGUA
-48,432,0,AGUA
-48,552,7,AGUA
-48,552,8,AGUA
-48,552,5,AGUA
-48,552,6,AGUA
-48,552,9,AGUA
-48,552,0,AGUA
-48,552,3,AGUA
-48,552,4,AGUA
-48,552,1,AGUA
-33,598,1,AGUA
-48,552,2,AGUA
-33,967,1,AGUA
-33,1377,1,AGUA
-33,212,1,AGUA
-33,478,1,AGUA
-33,1257,1,AGUA
-33,238,1,AGUA
-33,821,1,AGUA
-33,1231,1,AGUA
-33,358,1,AGUA
-33,941,1,AGUA
-33,1111,1,AGUA
-33,118,1,AGUA
-33,1351,1,AGUA
-48,547,15,AGUA
-48,560,10,AGUA
-48,560,14,AGUA
-48,560,13,AGUA
-48,560,12,AGUA
-48,560,11,AGUA
-48,560,15,AGUA
-33,71,1,AGUA
-33,702,1,AGUA
-33,692,1,AGUA
-33,1139,1,AGUA
-48,434,5,AGUA
-48,434,4,AGUA
-48,434,3,AGUA
-48,434,2,AGUA
-48,434,9,AGUA
-48,434,8,AGUA
-48,434,7,AGUA
-48,434,6,AGUA
-33,1019,1,AGUA
-33,98,1,AGUA
-33,849,1,AGUA
-33,572,1,AGUA
-48,434,1,AGUA
-48,434,0,AGUA
-48,433,6,AGUA
-48,433,5,AGUA
-48,433,4,AGUA
-48,433,3,AGUA
-48,433,9,AGUA
-48,433,8,AGUA
-48,433,7,AGUA
-33,97,1,AGUA
-33,848,1,AGUA
-33,573,1,AGUA
-48,433,2,AGUA
-48,433,1,AGUA
-48,433,0,AGUA
-33,1258,1,AGUA
-33,729,1,AGUA
-48,553,6,AGUA
-48,553,7,AGUA
-48,553,4,AGUA
-48,553,5,AGUA
-48,553,8,AGUA
-48,553,9,AGUA
-48,553,2,AGUA
-48,553,3,AGUA
-48,553,0,AGUA
-48,553,1,AGUA
-33,1138,1,AGUA
-33,968,1,AGUA
-33,453,1,AGUA
-33,609,1,AGUA
-33,213,1,AGUA
-33,1112,1,AGUA
-33,333,1,AGUA
-33,822,1,AGUA
-33,599,1,AGUA
-33,1378,1,AGUA
-33,359,1,AGUA
-33,942,1,AGUA
-48,584,10,AGUA
-48,584,12,AGUA
-48,584,11,AGUA
-48,584,14,AGUA
-48,584,13,AGUA
-48,572,10,AGUA
-48,572,11,AGUA
-48,572,14,AGUA
-48,572,12,AGUA
-48,572,13,AGUA
-33,479,1,AGUA
-33,1352,1,AGUA
-33,1232,1,AGUA
-33,119,1,AGUA
-48,596,10,AGUA
-48,596,11,AGUA
-48,596,12,AGUA
-48,596,13,AGUA
-48,596,14,AGUA
-33,239,1,AGUA
-48,488,14,AGUA
-48,488,15,AGUA
-48,488,12,AGUA
-48,488,13,AGUA
-48,488,10,AGUA
-48,488,11,AGUA
-48,452,10,AGUA
-48,452,12,AGUA
-48,452,11,AGUA
-48,452,14,AGUA
-48,452,13,AGUA
-33,725,1,AGUA
-48,439,15,AGUA
-48,440,10,AGUA
-48,440,11,AGUA
-48,440,14,AGUA
-48,440,12,AGUA
-48,440,13,AGUA
-48,476,15,AGUA
-33,605,1,AGUA
-48,476,14,AGUA
-48,476,13,AGUA
-48,476,12,AGUA
-48,476,11,AGUA
-48,476,10,AGUA
-48,464,10,AGUA
-48,457,9,AGUA
-48,464,11,AGUA
-48,464,12,AGUA
-48,464,13,AGUA
-48,464,14,AGUA
-48,457,5,AGUA
-48,457,6,AGUA
-48,457,7,AGUA
-48,457,8,AGUA
-48,457,1,AGUA
-48,457,2,AGUA
-48,457,3,AGUA
-48,457,4,AGUA
-33,74,1,AGUA
-33,595,1,AGUA
-48,457,0,AGUA
-48,456,6,AGUA
-48,456,7,AGUA
-48,456,8,AGUA
-48,456,9,AGUA
-48,456,2,AGUA
-48,456,3,AGUA
-48,456,4,AGUA
-48,456,5,AGUA
-33,75,1,AGUA
-33,596,1,AGUA
-48,456,0,AGUA
-48,456,1,AGUA
-48,576,6,AGUA
-48,576,5,AGUA
-33,210,1,AGUA
-48,576,4,AGUA
-48,576,3,AGUA
-48,576,9,AGUA
-48,576,8,AGUA
-48,576,7,AGUA
-48,576,2,AGUA
-48,576,1,AGUA
-48,576,0,AGUA
-33,476,1,AGUA
-33,236,1,AGUA
-33,1135,1,AGUA
-33,356,1,AGUA
-48,430,9,AGUA
-48,430,8,AGUA
-48,430,7,AGUA
-48,430,6,AGUA
-33,1015,1,AGUA
-33,845,1,AGUA
-48,430,1,AGUA
-48,430,0,AGUA
-48,430,5,AGUA
-48,430,4,AGUA
-48,430,3,AGUA
-48,430,2,AGUA
-33,965,1,AGUA
-48,550,9,AGUA
-48,550,7,AGUA
-48,550,8,AGUA
-48,550,1,AGUA
-48,550,2,AGUA
-48,550,0,AGUA
-48,550,5,AGUA
-48,550,6,AGUA
-48,550,3,AGUA
-48,550,4,AGUA
-33,1375,1,AGUA
-33,116,1,AGUA
-33,1255,1,AGUA
-33,700,1,AGUA
-33,690,1,AGUA
-33,570,1,AGUA
-48,458,8,AGUA
-48,458,9,AGUA
-48,458,4,AGUA
-48,458,5,AGUA
-48,458,6,AGUA
-48,458,7,AGUA
-33,330,1,AGUA
-48,458,0,AGUA
-48,458,1,AGUA
-48,458,2,AGUA
-48,458,3,AGUA
-33,726,1,AGUA
-33,73,1,AGUA
-33,450,1,AGUA
-33,606,1,AGUA
-48,578,9,AGUA
-48,578,4,AGUA
-48,578,3,AGUA
-48,578,2,AGUA
-48,578,1,AGUA
-48,578,8,AGUA
-48,578,7,AGUA
-48,578,6,AGUA
-48,578,5,AGUA
-48,578,0,AGUA
-33,607,1,AGUA
-33,211,1,AGUA
-48,577,5,AGUA
-48,577,4,AGUA
-48,577,3,AGUA
-33,1016,1,AGUA
-48,577,2,AGUA
-48,577,9,AGUA
-48,577,8,AGUA
-48,577,7,AGUA
-48,577,6,AGUA
-48,577,1,AGUA
-48,577,0,AGUA
-33,331,1,AGUA
-33,597,1,AGUA
-33,357,1,AGUA
-48,431,8,AGUA
-48,431,7,AGUA
-48,431,6,AGUA
-48,431,5,AGUA
-48,431,9,AGUA
-33,846,1,AGUA
-48,431,0,AGUA
-48,431,4,AGUA
-48,431,3,AGUA
-48,431,2,AGUA
-33,1256,1,AGUA
-48,431,1,AGUA
-33,477,1,AGUA
-33,966,1,AGUA
-48,551,8,AGUA
-48,551,9,AGUA
-48,551,6,AGUA
-48,551,7,AGUA
-48,551,0,AGUA
-48,551,1,AGUA
-48,551,4,AGUA
-48,551,5,AGUA
-48,551,2,AGUA
-33,1136,1,AGUA
-48,551,3,AGUA
-33,117,1,AGUA
-33,1110,1,AGUA
-33,237,1,AGUA
-33,820,1,AGUA
-33,1376,1,AGUA
-33,940,1,AGUA
-33,1350,1,AGUA
-33,1230,1,AGUA
-33,723,1,AGUA
-48,437,9,AGUA
-48,437,8,AGUA
-48,437,7,AGUA
-48,437,2,AGUA
-48,437,1,AGUA
-48,437,0,AGUA
-48,437,6,AGUA
-48,437,5,AGUA
-48,437,4,AGUA
-48,437,3,AGUA
-33,603,1,AGUA
-48,557,8,AGUA
-48,557,9,AGUA
-48,557,2,AGUA
-48,557,3,AGUA
-48,557,0,AGUA
-48,557,1,AGUA
-48,557,6,AGUA
-48,557,7,AGUA
-48,557,4,AGUA
-48,557,5,AGUA
-33,593,1,AGUA
-33,353,1,AGUA
-33,749,1,AGUA
-33,50,1,AGUA
-33,473,1,AGUA
-33,629,1,AGUA
-48,411,5,AGUA
-48,411,6,AGUA
-48,411,3,AGUA
-48,411,4,AGUA
-48,411,9,AGUA
-48,411,7,AGUA
-48,411,8,AGUA
-48,411,1,AGUA
-48,411,2,AGUA
-48,411,0,AGUA
-48,410,6,AGUA
-48,410,7,AGUA
-48,410,4,AGUA
-48,410,5,AGUA
-48,410,8,AGUA
-48,410,9,AGUA
-33,234,1,AGUA
-33,1039,1,AGUA
-48,410,2,AGUA
-48,410,3,AGUA
-48,410,0,AGUA
-48,410,1,AGUA
-33,354,1,AGUA
-48,530,6,AGUA
-48,530,5,AGUA
-48,530,8,AGUA
-48,530,7,AGUA
-48,530,9,AGUA
-48,530,0,AGUA
-48,530,2,AGUA
-48,530,1,AGUA
-48,530,4,AGUA
-48,530,3,AGUA
-33,77,1,AGUA
-33,869,1,AGUA
-33,1279,1,AGUA
-33,114,1,AGUA
-33,1159,1,AGUA
-33,989,1,AGUA
-33,1133,1,AGUA
-33,1013,1,AGUA
-33,843,1,AGUA
-33,1399,1,AGUA
-33,963,1,AGUA
-33,1409,1,AGUA
-33,1373,1,AGUA
-33,1253,1,AGUA
-48,438,9,AGUA
-48,438,8,AGUA
-48,438,7,AGUA
-48,438,6,AGUA
-48,438,1,AGUA
-48,438,0,AGUA
-48,438,5,AGUA
-48,438,4,AGUA
-48,438,3,AGUA
-48,438,2,AGUA
-48,558,9,AGUA
-48,558,7,AGUA
-48,558,8,AGUA
-48,558,1,AGUA
-48,558,2,AGUA
-48,558,0,AGUA
-48,558,5,AGUA
-48,558,6,AGUA
-48,558,3,AGUA
-48,558,4,AGUA
-33,724,1,AGUA
-33,604,1,AGUA
-48,412,4,AGUA
-48,412,5,AGUA
-48,412,2,AGUA
-48,412,3,AGUA
-48,412,8,AGUA
-48,412,9,AGUA
-48,412,6,AGUA
-48,412,7,AGUA
-33,594,1,AGUA
-48,412,0,AGUA
-48,412,1,AGUA
-48,532,4,AGUA
-48,532,3,AGUA
-48,532,6,AGUA
-48,393,15,AGUA
-48,532,5,AGUA
-48,532,8,AGUA
-48,532,7,AGUA
-48,532,9,AGUA
-48,532,0,AGUA
-48,532,2,AGUA
-48,532,1,AGUA
-33,474,1,AGUA
-33,355,1,AGUA
-48,531,5,AGUA
-48,531,4,AGUA
-48,531,7,AGUA
-48,531,6,AGUA
-48,531,9,AGUA
-48,531,8,AGUA
-48,531,1,AGUA
-48,531,0,AGUA
-48,531,3,AGUA
-48,531,2,AGUA
-33,475,1,AGUA
-33,76,1,AGUA
-33,1014,1,AGUA
-33,115,1,AGUA
-33,235,1,AGUA
-33,844,1,AGUA
-33,1254,1,AGUA
-33,964,1,AGUA
-33,1134,1,AGUA
-33,1374,1,AGUA
-33,961,1,AGUA
-33,1371,1,AGUA
-33,721,1,AGUA
-33,1251,1,AGUA
-33,601,1,AGUA
-33,591,1,AGUA
-33,351,1,AGUA
-33,747,1,AGUA
-33,471,1,AGUA
-33,627,1,AGUA
-48,435,9,AGUA
-48,435,4,AGUA
-48,435,3,AGUA
-48,435,2,AGUA
-48,435,1,AGUA
-48,435,8,AGUA
-48,435,7,AGUA
-48,435,6,AGUA
-48,435,5,AGUA
-33,111,1,AGUA
-48,435,0,AGUA
-33,507,1,AGUA
-48,555,4,AGUA
-48,555,5,AGUA
-33,231,1,AGUA
-48,555,2,AGUA
-48,555,3,AGUA
-48,555,8,AGUA
-48,555,9,AGUA
-48,555,6,AGUA
-48,555,7,AGUA
-48,555,0,AGUA
-48,555,1,AGUA
-33,497,1,AGUA
-33,378,1,AGUA
-48,554,5,AGUA
-48,554,6,AGUA
-48,554,3,AGUA
-48,554,4,AGUA
-48,554,9,AGUA
-48,554,7,AGUA
-48,554,8,AGUA
-48,554,1,AGUA
-48,554,2,AGUA
-48,554,0,AGUA
-33,498,1,AGUA
-33,112,1,AGUA
-33,53,1,AGUA
-33,1037,1,AGUA
-33,138,1,AGUA
-33,258,1,AGUA
-33,1397,1,AGUA
-33,79,1,AGUA
-33,867,1,AGUA
-33,1407,1,AGUA
-33,1277,1,AGUA
-33,987,1,AGUA
-33,1157,1,AGUA
-33,1131,1,AGUA
-33,1011,1,AGUA
-33,841,1,AGUA
-33,1372,1,AGUA
-33,722,1,AGUA
-33,602,1,AGUA
-48,537,15,AGUA
-33,592,1,AGUA
-48,436,9,AGUA
-48,436,8,AGUA
-48,436,3,AGUA
-48,436,2,AGUA
-48,436,1,AGUA
-48,436,0,AGUA
-48,436,7,AGUA
-48,436,6,AGUA
-48,436,5,AGUA
-48,436,4,AGUA
-33,748,1,AGUA
-33,472,1,AGUA
-33,628,1,AGUA
-48,556,9,AGUA
-48,556,3,AGUA
-33,232,1,AGUA
-48,556,4,AGUA
-48,556,1,AGUA
-48,556,2,AGUA
-48,556,7,AGUA
-48,556,8,AGUA
-48,556,5,AGUA
-48,556,6,AGUA
-48,556,0,AGUA
-33,352,1,AGUA
-33,51,1,AGUA
-33,508,1,AGUA
-48,598,11,AGUA
-48,598,10,AGUA
-48,598,13,AGUA
-48,598,12,AGUA
-48,598,14,AGUA
-33,113,1,AGUA
-33,52,1,AGUA
-33,509,1,AGUA
-48,586,10,AGUA
-48,586,13,AGUA
-48,586,14,AGUA
-48,586,11,AGUA
-48,586,12,AGUA
-33,233,1,AGUA
-33,499,1,AGUA
-33,259,1,AGUA
-33,1158,1,AGUA
-33,379,1,AGUA
-33,78,1,AGUA
-33,1038,1,AGUA
-33,868,1,AGUA
-33,988,1,AGUA
-33,1012,1,AGUA
-48,549,15,AGUA
-48,550,11,AGUA
-48,550,10,AGUA
-48,550,13,AGUA
-48,550,12,AGUA
-48,550,14,AGUA
-33,139,1,AGUA
-33,1278,1,AGUA
-33,842,1,AGUA
-48,562,10,AGUA
-48,562,11,AGUA
-33,1252,1,AGUA
-48,562,12,AGUA
-48,562,13,AGUA
-48,562,14,AGUA
-33,1398,1,AGUA
-33,962,1,AGUA
-33,1132,1,AGUA
-48,574,13,AGUA
-48,574,12,AGUA
-33,1408,1,AGUA
-48,574,11,AGUA
-48,574,10,AGUA
-48,574,15,AGUA
-48,574,14,AGUA
-48,466,11,AGUA
-48,466,10,AGUA
-48,466,13,AGUA
-48,466,12,AGUA
-48,466,14,AGUA
-48,478,10,AGUA
-48,478,11,AGUA
-48,478,12,AGUA
-48,478,13,AGUA
-48,478,14,AGUA
-48,454,10,AGUA
-48,454,13,AGUA
-48,454,14,AGUA
-48,454,11,AGUA
-48,454,12,AGUA
-33,3,1,AGUA
-48,415,9,AGUA
-48,415,7,AGUA
-48,415,8,AGUA
-48,415,1,AGUA
-48,415,2,AGUA
-48,415,0,AGUA
-48,415,5,AGUA
-48,415,6,AGUA
-48,415,3,AGUA
-48,415,4,AGUA
-33,1084,1,AGUA
-48,405,15,AGUA
-48,535,9,AGUA
-48,535,8,AGUA
-48,535,1,AGUA
-48,535,0,AGUA
-48,535,3,AGUA
-48,535,2,AGUA
-48,535,5,AGUA
-48,535,4,AGUA
-48,535,7,AGUA
-48,535,6,AGUA
-48,417,15,AGUA
-33,804,1,AGUA
-48,442,13,AGUA
-48,442,12,AGUA
-48,442,11,AGUA
-33,1214,1,AGUA
-48,442,10,AGUA
-48,442,14,AGUA
-33,924,1,AGUA
-48,430,10,AGUA
-48,430,11,AGUA
-48,430,12,AGUA
-48,430,13,AGUA
-48,430,14,AGUA
-48,430,15,AGUA
-33,923,1,AGUA
-33,1333,1,AGUA
-33,1213,1,AGUA
-33,794,1,AGUA
-33,674,1,AGUA
-33,554,1,AGUA
-33,434,1,AGUA
-33,184,1,AGUA
-33,314,1,AGUA
-33,90,1,AGUA
-33,2,1,AGUA
-33,185,1,AGUA
-48,416,8,AGUA
-48,416,9,AGUA
-48,416,6,AGUA
-48,416,7,AGUA
-48,416,0,AGUA
-48,416,1,AGUA
-48,416,4,AGUA
-48,416,5,AGUA
-48,416,2,AGUA
-48,416,3,AGUA
-48,536,8,AGUA
-48,536,7,AGUA
-48,536,9,AGUA
-48,536,0,AGUA
-48,536,2,AGUA
-48,536,1,AGUA
-48,536,4,AGUA
-48,536,3,AGUA
-48,536,6,AGUA
-48,536,5,AGUA
-48,380,9,AGUA
-48,380,8,AGUA
-48,380,7,AGUA
-48,380,6,AGUA
-48,380,5,AGUA
-48,380,4,AGUA
-48,380,3,AGUA
-48,380,2,AGUA
-48,380,1,AGUA
-48,380,0,AGUA
-33,805,1,AGUA
-33,1085,1,AGUA
-48,510,3,AGUA
-48,510,4,AGUA
-48,510,5,AGUA
-48,510,6,AGUA
-48,510,7,AGUA
-48,510,8,AGUA
-48,510,9,AGUA
-48,510,0,AGUA
-48,510,1,AGUA
-48,510,2,AGUA
-33,925,1,AGUA
-33,1335,1,AGUA
-33,1215,1,AGUA
-33,1334,1,AGUA
-33,795,1,AGUA
-33,675,1,AGUA
-33,555,1,AGUA
-33,315,1,AGUA
-33,435,1,AGUA
-33,218,1,AGUA
-48,439,8,AGUA
-48,439,7,AGUA
-48,439,6,AGUA
-48,439,5,AGUA
-48,439,9,AGUA
-48,439,0,AGUA
-48,439,4,AGUA
-48,439,3,AGUA
-48,439,2,AGUA
-48,439,1,AGUA
-48,559,8,AGUA
-48,559,9,AGUA
-48,559,6,AGUA
-48,559,7,AGUA
-48,559,0,AGUA
-48,559,1,AGUA
-48,559,4,AGUA
-48,559,5,AGUA
-48,559,2,AGUA
-48,559,3,AGUA
-33,1118,1,AGUA
-48,413,9,AGUA
-48,413,3,AGUA
-48,413,4,AGUA
-48,413,1,AGUA
-48,413,2,AGUA
-48,413,7,AGUA
-48,413,8,AGUA
-48,413,5,AGUA
-48,413,6,AGUA
-33,828,1,AGUA
-48,413,0,AGUA
-33,1082,1,AGUA
-48,533,3,AGUA
-48,533,2,AGUA
-48,533,5,AGUA
-48,533,4,AGUA
-48,533,7,AGUA
-48,533,6,AGUA
-48,533,9,AGUA
-48,533,8,AGUA
-48,533,1,AGUA
-48,533,0,AGUA
-33,948,1,AGUA
-33,1358,1,AGUA
-33,791,1,AGUA
-33,1238,1,AGUA
-33,792,1,AGUA
-33,1081,1,AGUA
-33,801,1,AGUA
-33,672,1,AGUA
-33,1357,1,AGUA
-33,921,1,AGUA
-33,552,1,AGUA
-33,1331,1,AGUA
-33,708,1,AGUA
-33,1211,1,AGUA
-33,432,1,AGUA
-33,698,1,AGUA
-33,182,1,AGUA
-33,312,1,AGUA
-33,92,1,AGUA
-33,578,1,AGUA
-33,338,1,AGUA
-33,458,1,AGUA
-33,5,1,AGUA
-33,339,1,AGUA
-33,219,1,AGUA
-48,414,8,AGUA
-48,414,9,AGUA
-48,414,2,AGUA
-48,414,3,AGUA
-48,414,0,AGUA
-48,414,1,AGUA
-48,414,6,AGUA
-48,414,7,AGUA
-48,414,4,AGUA
-48,414,5,AGUA
-48,395,15,AGUA
-33,1239,1,AGUA
-33,829,1,AGUA
-48,534,9,AGUA
-48,534,2,AGUA
-48,534,1,AGUA
-48,534,4,AGUA
-48,534,3,AGUA
-48,534,6,AGUA
-48,534,5,AGUA
-48,534,8,AGUA
-48,534,7,AGUA
-48,534,0,AGUA
-48,383,15,AGUA
-33,1119,1,AGUA
-33,949,1,AGUA
-33,1083,1,AGUA
-33,803,1,AGUA
-33,1359,1,AGUA
-33,802,1,AGUA
-33,1212,1,AGUA
-33,922,1,AGUA
-33,793,1,AGUA
-33,673,1,AGUA
-33,553,1,AGUA
-33,1332,1,AGUA
-33,313,1,AGUA
-33,709,1,AGUA
-33,433,1,AGUA
-33,699,1,AGUA
-33,91,1,AGUA
-33,579,1,AGUA
-33,4,1,AGUA
-33,183,1,AGUA
-33,459,1,AGUA
-48,539,5,AGUA
-48,539,4,AGUA
-48,539,7,AGUA
-48,539,6,AGUA
-48,539,9,AGUA
-48,539,8,AGUA
-48,539,1,AGUA
-48,539,0,AGUA
-48,539,3,AGUA
-48,539,2,AGUA
-48,383,8,AGUA
-48,383,7,AGUA
-48,383,6,AGUA
-48,383,5,AGUA
-48,383,4,AGUA
-48,383,3,AGUA
-48,383,2,AGUA
-48,383,1,AGUA
-48,383,0,AGUA
-48,383,9,AGUA
-48,513,8,AGUA
-48,513,9,AGUA
-48,513,0,AGUA
-48,513,1,AGUA
-48,513,2,AGUA
-48,513,3,AGUA
-48,513,4,AGUA
-48,513,5,AGUA
-48,513,6,AGUA
-48,513,7,AGUA
-33,1116,1,AGUA
-33,826,1,AGUA
-33,825,1,AGUA
-33,1235,1,AGUA
-33,550,1,AGUA
-33,706,1,AGUA
-33,1115,1,AGUA
-33,945,1,AGUA
-33,430,1,AGUA
-33,696,1,AGUA
-33,180,1,AGUA
-33,310,1,AGUA
-33,94,1,AGUA
-33,576,1,AGUA
-33,1355,1,AGUA
-33,336,1,AGUA
-33,456,1,AGUA
-33,7,1,AGUA
-48,419,5,AGUA
-48,419,6,AGUA
-48,419,3,AGUA
-48,419,4,AGUA
-48,419,9,AGUA
-48,419,7,AGUA
-48,419,8,AGUA
-48,419,1,AGUA
-48,419,2,AGUA
-48,419,0,AGUA
-33,216,1,AGUA
-48,384,7,AGUA
-48,384,6,AGUA
-48,384,5,AGUA
-48,384,4,AGUA
-48,384,3,AGUA
-48,384,2,AGUA
-48,384,1,AGUA
-48,384,0,AGUA
-48,384,9,AGUA
-48,384,8,AGUA
-48,514,7,AGUA
-48,514,8,AGUA
-48,514,9,AGUA
-48,514,0,AGUA
-48,514,1,AGUA
-48,514,2,AGUA
-48,514,3,AGUA
-48,514,4,AGUA
-48,514,5,AGUA
-48,514,6,AGUA
-33,790,1,AGUA
-33,827,1,AGUA
-33,1237,1,AGUA
-33,670,1,AGUA
-33,1117,1,AGUA
-33,947,1,AGUA
-48,552,12,AGUA
-48,552,13,AGUA
-48,552,10,AGUA
-48,552,11,AGUA
-48,552,14,AGUA
-33,1080,1,AGUA
-48,552,15,AGUA
-33,671,1,AGUA
-33,946,1,AGUA
-33,1356,1,AGUA
-33,1236,1,AGUA
-33,551,1,AGUA
-48,564,12,AGUA
-48,564,11,AGUA
-48,564,14,AGUA
-48,564,13,AGUA
-48,564,10,AGUA
-48,564,15,AGUA
-33,311,1,AGUA
-48,588,12,AGUA
-33,707,1,AGUA
-48,588,11,AGUA
-48,588,10,AGUA
-48,588,15,AGUA
-48,588,14,AGUA
-48,588,13,AGUA
-33,800,1,AGUA
-48,576,12,AGUA
-48,576,13,AGUA
-48,576,14,AGUA
-48,576,15,AGUA
-48,576,10,AGUA
-48,576,11,AGUA
-33,1210,1,AGUA
-33,431,1,AGUA
-33,920,1,AGUA
-33,697,1,AGUA
-33,93,1,AGUA
-33,577,1,AGUA
-33,6,1,AGUA
-33,457,1,AGUA
-33,181,1,AGUA
-33,1330,1,AGUA
-33,217,1,AGUA
-33,337,1,AGUA
-48,540,12,AGUA
-48,540,11,AGUA
-48,540,10,AGUA
-48,540,15,AGUA
-48,540,14,AGUA
-48,540,13,AGUA
-48,420,12,AGUA
-48,420,13,AGUA
-48,420,10,AGUA
-48,420,11,AGUA
-48,420,14,AGUA
-48,420,15,AGUA
-48,432,12,AGUA
-48,432,11,AGUA
-48,432,14,AGUA
-48,432,13,AGUA
-48,432,10,AGUA
-48,432,15,AGUA
-48,417,7,AGUA
-48,417,8,AGUA
-48,417,5,AGUA
-48,417,6,AGUA
-48,417,9,AGUA
-48,417,0,AGUA
-48,417,3,AGUA
-48,417,4,AGUA
-48,417,1,AGUA
-48,417,2,AGUA
-48,456,12,AGUA
-48,537,7,AGUA
-48,456,11,AGUA
-48,537,6,AGUA
-48,456,10,AGUA
-48,537,9,AGUA
-48,537,8,AGUA
-48,456,14,AGUA
-48,456,13,AGUA
-48,537,1,AGUA
-48,537,0,AGUA
-48,537,3,AGUA
-48,537,2,AGUA
-48,537,5,AGUA
-48,537,4,AGUA
-48,444,12,AGUA
-48,444,13,AGUA
-48,381,9,AGUA
-48,444,14,AGUA
-48,381,8,AGUA
-33,70,1,AGUA
-48,381,7,AGUA
-48,381,6,AGUA
-48,381,5,AGUA
-48,444,10,AGUA
-48,381,4,AGUA
-48,444,11,AGUA
-48,381,3,AGUA
-48,381,2,AGUA
-48,381,1,AGUA
-48,381,0,AGUA
-48,511,2,AGUA
-48,511,3,AGUA
-48,511,4,AGUA
-48,511,5,AGUA
-48,511,6,AGUA
-48,511,7,AGUA
-48,511,8,AGUA
-48,511,9,AGUA
-48,511,0,AGUA
-48,511,1,AGUA
-33,703,1,AGUA
-33,693,1,AGUA
-33,694,1,AGUA
-33,969,1,AGUA
-33,1379,1,AGUA
-33,96,1,AGUA
-33,574,1,AGUA
-33,1259,1,AGUA
-33,334,1,AGUA
-33,823,1,AGUA
-33,1233,1,AGUA
-33,454,1,AGUA
-33,943,1,AGUA
-33,1113,1,AGUA
-33,9,1,AGUA
-33,214,1,AGUA
-33,1353,1,AGUA
-48,418,6,AGUA
-48,418,7,AGUA
-48,418,4,AGUA
-48,418,5,AGUA
-48,418,8,AGUA
-48,418,9,AGUA
-48,418,2,AGUA
-48,418,3,AGUA
-48,418,0,AGUA
-48,418,1,AGUA
-48,538,6,AGUA
-48,538,5,AGUA
-48,538,8,AGUA
-48,538,7,AGUA
-48,538,9,AGUA
-48,538,0,AGUA
-48,538,2,AGUA
-48,538,1,AGUA
-48,538,4,AGUA
-48,538,3,AGUA
-48,382,9,AGUA
-48,382,8,AGUA
-48,382,7,AGUA
-48,382,6,AGUA
-48,382,5,AGUA
-48,382,4,AGUA
-48,382,3,AGUA
-48,382,2,AGUA
-48,382,1,AGUA
-48,382,0,AGUA
-48,512,9,AGUA
-48,512,1,AGUA
-48,512,2,AGUA
-48,512,3,AGUA
-48,512,4,AGUA
-48,512,5,AGUA
-48,512,6,AGUA
-48,512,7,AGUA
-48,512,8,AGUA
-48,512,0,AGUA
-33,704,1,AGUA
-33,705,1,AGUA
-33,1114,1,AGUA
-33,695,1,AGUA
-33,824,1,AGUA
-33,944,1,AGUA
-33,95,1,AGUA
-33,575,1,AGUA
-33,1354,1,AGUA
-33,8,1,AGUA
-33,1234,1,AGUA
-33,455,1,AGUA
-33,215,1,AGUA
-48,468,12,AGUA
-48,468,13,AGUA
-48,468,10,AGUA
-48,468,11,AGUA
-48,468,14,AGUA
-33,335,1,AGUA
-48,493,15,AGUA
-33,1186,1,AGUA
-33,656,1,AGUA
-33,37,1,AGUA
-33,140,1,AGUA
-48,481,7,AGUA
-48,481,6,AGUA
-48,481,9,AGUA
-48,481,8,AGUA
-48,481,3,AGUA
-48,481,2,AGUA
-48,481,5,AGUA
-48,481,4,AGUA
-48,481,1,AGUA
-48,481,0,AGUA
-33,260,1,AGUA
-33,536,1,AGUA
-33,1066,1,AGUA
-33,896,1,AGUA
-33,1040,1,AGUA
-33,286,1,AGUA
-33,906,1,AGUA
-33,416,1,AGUA
-33,1316,1,AGUA
-33,1280,1,AGUA
-33,870,1,AGUA
-33,1410,1,AGUA
-33,990,1,AGUA
-33,166,1,AGUA
-33,1160,1,AGUA
-33,1436,1,AGUA
-48,528,13,AGUA
-48,528,14,AGUA
-48,528,11,AGUA
-48,528,12,AGUA
-48,528,10,AGUA
-48,516,14,AGUA
-48,516,13,AGUA
-48,516,12,AGUA
-48,516,11,AGUA
-48,516,10,AGUA
-48,504,13,AGUA
-48,504,14,AGUA
-48,504,10,AGUA
-48,504,11,AGUA
-48,504,12,AGUA
-48,494,13,AGUA
-48,494,14,AGUA
-48,494,11,AGUA
-48,494,12,AGUA
-48,494,10,AGUA
-33,750,1,AGUA
-33,11,1,AGUA
-33,630,1,AGUA
-48,387,4,AGUA
-48,387,3,AGUA
-48,387,2,AGUA
-48,387,1,AGUA
-48,387,0,AGUA
-48,482,13,AGUA
-48,482,12,AGUA
-48,482,11,AGUA
-48,482,10,AGUA
-48,482,15,AGUA
-48,482,14,AGUA
-48,387,9,AGUA
-48,387,8,AGUA
-48,387,7,AGUA
-48,387,6,AGUA
-48,387,5,AGUA
-33,510,1,AGUA
-33,380,1,AGUA
-48,470,13,AGUA
-48,470,14,AGUA
-48,470,10,AGUA
-48,470,11,AGUA
-48,470,12,AGUA
-33,776,1,AGUA
-48,517,4,AGUA
-48,517,5,AGUA
-48,517,6,AGUA
-48,517,7,AGUA
-48,517,8,AGUA
-48,517,9,AGUA
-48,517,0,AGUA
-48,517,1,AGUA
-48,517,2,AGUA
-48,517,3,AGUA
-48,469,15,AGUA
-33,777,1,AGUA
-48,482,6,AGUA
-48,482,5,AGUA
-48,482,8,AGUA
-48,482,7,AGUA
-48,482,2,AGUA
-48,482,1,AGUA
-48,482,4,AGUA
-48,482,3,AGUA
-48,482,0,AGUA
-33,261,1,AGUA
-33,897,1,AGUA
-33,1187,1,AGUA
-33,657,1,AGUA
-48,482,9,AGUA
-33,381,1,AGUA
-33,907,1,AGUA
-33,417,1,AGUA
-33,537,1,AGUA
-33,1161,1,AGUA
-33,1317,1,AGUA
-33,1041,1,AGUA
-33,141,1,AGUA
-33,871,1,AGUA
-33,1411,1,AGUA
-33,991,1,AGUA
-33,167,1,AGUA
-33,287,1,AGUA
-33,1281,1,AGUA
-33,10,1,AGUA
-48,388,3,AGUA
-48,388,2,AGUA
-48,388,1,AGUA
-48,388,0,AGUA
-33,751,1,AGUA
-48,388,9,AGUA
-48,388,8,AGUA
-48,388,7,AGUA
-48,388,6,AGUA
-48,388,5,AGUA
-48,388,4,AGUA
-48,518,3,AGUA
-48,518,4,AGUA
-48,518,5,AGUA
-48,518,6,AGUA
-48,518,7,AGUA
-48,518,8,AGUA
-48,518,9,AGUA
-48,518,0,AGUA
-33,631,1,AGUA
-48,518,1,AGUA
-48,518,2,AGUA
-33,1067,1,AGUA
-33,36,1,AGUA
-33,511,1,AGUA
-48,386,13,AGUA
-48,386,14,AGUA
-48,386,10,AGUA
-48,386,11,AGUA
-48,386,12,AGUA
-48,385,9,AGUA
-48,385,8,AGUA
-48,385,7,AGUA
-33,284,1,AGUA
-33,414,1,AGUA
-48,515,6,AGUA
-48,515,7,AGUA
-48,515,8,AGUA
-48,515,9,AGUA
-48,515,0,AGUA
-48,515,1,AGUA
-48,515,2,AGUA
-48,515,3,AGUA
-48,515,4,AGUA
-48,515,5,AGUA
-33,1184,1,AGUA
-33,39,1,AGUA
-33,1064,1,AGUA
-33,164,1,AGUA
-33,894,1,AGUA
-33,1434,1,AGUA
-33,904,1,AGUA
-33,1314,1,AGUA
-33,774,1,AGUA
-33,654,1,AGUA
-33,13,1,AGUA
-48,385,6,AGUA
-48,385,5,AGUA
-48,385,4,AGUA
-48,385,3,AGUA
-48,385,2,AGUA
-48,385,1,AGUA
-33,534,1,AGUA
-48,385,0,AGUA
-48,398,13,AGUA
-48,398,12,AGUA
-48,398,11,AGUA
-48,398,10,AGUA
-48,398,15,AGUA
-48,398,14,AGUA
-48,516,5,AGUA
-48,516,6,AGUA
-48,516,7,AGUA
-48,516,8,AGUA
-48,516,9,AGUA
-48,516,0,AGUA
-48,516,1,AGUA
-48,516,2,AGUA
-48,516,3,AGUA
-48,516,4,AGUA
-33,535,1,AGUA
-48,408,13,AGUA
-48,408,12,AGUA
-48,408,15,AGUA
-48,408,14,AGUA
-48,408,11,AGUA
-33,1065,1,AGUA
-48,408,10,AGUA
-33,38,1,AGUA
-33,415,1,AGUA
-48,480,8,AGUA
-48,480,7,AGUA
-48,480,9,AGUA
-48,480,4,AGUA
-48,480,3,AGUA
-48,480,6,AGUA
-48,480,5,AGUA
-48,480,0,AGUA
-48,480,2,AGUA
-48,480,1,AGUA
-33,165,1,AGUA
-33,895,1,AGUA
-33,1185,1,AGUA
-33,285,1,AGUA
-33,905,1,AGUA
-33,1315,1,AGUA
-33,1435,1,AGUA
-33,775,1,AGUA
-33,12,1,AGUA
-48,386,5,AGUA
-48,386,4,AGUA
-48,386,3,AGUA
-48,386,2,AGUA
-48,386,1,AGUA
-48,386,0,AGUA
-33,655,1,AGUA
-48,386,9,AGUA
-48,386,8,AGUA
-48,386,7,AGUA
-48,386,6,AGUA
-33,558,1,AGUA
-33,1088,1,AGUA
-33,318,1,AGUA
-33,15,1,AGUA
-33,162,1,AGUA
-33,438,1,AGUA
-33,1218,1,AGUA
-33,808,1,AGUA
-48,602,10,AGUA
-48,602,11,AGUA
-48,602,12,AGUA
-33,188,1,AGUA
-48,602,13,AGUA
-48,602,14,AGUA
-48,602,15,AGUA
-33,928,1,AGUA
-33,1182,1,AGUA
-33,1062,1,AGUA
-33,892,1,AGUA
-33,1338,1,AGUA
-33,902,1,AGUA
-33,1312,1,AGUA
-33,1311,1,AGUA
-33,1431,1,AGUA
-33,772,1,AGUA
-33,652,1,AGUA
-48,485,3,AGUA
-48,485,2,AGUA
-48,485,5,AGUA
-48,485,4,AGUA
-48,485,1,AGUA
-48,485,0,AGUA
-33,532,1,AGUA
-33,798,1,AGUA
-33,282,1,AGUA
-48,485,7,AGUA
-48,485,6,AGUA
-48,485,9,AGUA
-48,485,8,AGUA
-33,412,1,AGUA
-33,678,1,AGUA
-48,580,5,AGUA
-48,580,4,AGUA
-48,580,3,AGUA
-48,580,2,AGUA
-48,580,9,AGUA
-48,580,8,AGUA
-48,580,7,AGUA
-48,580,6,AGUA
-48,580,1,AGUA
-48,580,0,AGUA
-33,679,1,AGUA
-33,14,1,AGUA
-48,460,9,AGUA
-33,163,1,AGUA
-33,439,1,AGUA
-48,592,14,AGUA
-48,592,12,AGUA
-48,592,13,AGUA
-48,592,10,AGUA
-48,592,11,AGUA
-33,283,1,AGUA
-33,809,1,AGUA
-33,559,1,AGUA
-33,1089,1,AGUA
-33,1339,1,AGUA
-33,1063,1,AGUA
-33,929,1,AGUA
-33,1219,1,AGUA
-33,319,1,AGUA
-33,893,1,AGUA
-33,1433,1,AGUA
-48,567,15,AGUA
-33,903,1,AGUA
-33,189,1,AGUA
-33,1183,1,AGUA
-48,579,15,AGUA
-48,580,14,AGUA
-48,580,13,AGUA
-48,580,12,AGUA
-48,580,11,AGUA
-48,580,10,AGUA
-33,1313,1,AGUA
-33,1432,1,AGUA
-33,773,1,AGUA
-48,486,2,AGUA
-48,486,1,AGUA
-48,486,4,AGUA
-48,486,3,AGUA
-48,486,0,AGUA
-33,653,1,AGUA
-48,486,9,AGUA
-48,486,6,AGUA
-48,486,5,AGUA
-48,486,8,AGUA
-48,486,7,AGUA
-33,533,1,AGUA
-33,799,1,AGUA
-48,460,5,AGUA
-48,460,6,AGUA
-48,460,7,AGUA
-48,460,8,AGUA
-48,460,1,AGUA
-48,460,2,AGUA
-48,460,3,AGUA
-48,460,4,AGUA
-48,460,0,AGUA
-33,413,1,AGUA
-48,483,9,AGUA
-48,483,8,AGUA
-33,186,1,AGUA
-33,316,1,AGUA
-33,1086,1,AGUA
-33,17,1,AGUA
-33,1216,1,AGUA
-33,806,1,AGUA
-33,926,1,AGUA
-33,1180,1,AGUA
-33,1060,1,AGUA
-33,890,1,AGUA
-33,1336,1,AGUA
-48,472,12,AGUA
-48,472,11,AGUA
-48,472,14,AGUA
-48,472,13,AGUA
-48,472,10,AGUA
-48,484,12,AGUA
-48,484,13,AGUA
-48,484,14,AGUA
-48,484,15,AGUA
-48,484,10,AGUA
-48,484,11,AGUA
-33,770,1,AGUA
-48,460,14,AGUA
-48,460,12,AGUA
-48,460,13,AGUA
-48,460,10,AGUA
-48,460,11,AGUA
-48,496,14,AGUA
-48,496,13,AGUA
-48,496,12,AGUA
-48,496,11,AGUA
-48,496,10,AGUA
-48,459,15,AGUA
-33,650,1,AGUA
-48,389,2,AGUA
-48,389,1,AGUA
-33,530,1,AGUA
-48,389,0,AGUA
-33,796,1,AGUA
-48,389,9,AGUA
-48,389,8,AGUA
-48,389,7,AGUA
-48,389,6,AGUA
-48,389,5,AGUA
-48,389,4,AGUA
-48,389,3,AGUA
-33,280,1,AGUA
-33,410,1,AGUA
-48,531,15,AGUA
-48,519,2,AGUA
-48,519,3,AGUA
-48,519,4,AGUA
-33,676,1,AGUA
-48,519,5,AGUA
-48,519,6,AGUA
-48,519,7,AGUA
-48,519,8,AGUA
-48,519,9,AGUA
-48,519,0,AGUA
-48,519,1,AGUA
-48,423,15,AGUA
-33,556,1,AGUA
-48,518,10,AGUA
-48,518,11,AGUA
-48,518,12,AGUA
-48,518,13,AGUA
-48,518,14,AGUA
-48,483,5,AGUA
-48,483,4,AGUA
-48,483,7,AGUA
-48,483,6,AGUA
-48,483,1,AGUA
-48,483,0,AGUA
-48,483,3,AGUA
-48,483,2,AGUA
-48,506,10,AGUA
-48,506,12,AGUA
-48,506,11,AGUA
-48,506,14,AGUA
-48,506,13,AGUA
-33,160,1,AGUA
-33,436,1,AGUA
-33,317,1,AGUA
-33,437,1,AGUA
-33,16,1,AGUA
-33,807,1,AGUA
-33,187,1,AGUA
-33,1087,1,AGUA
-33,1061,1,AGUA
-33,927,1,AGUA
-33,1337,1,AGUA
-33,1217,1,AGUA
-33,891,1,AGUA
-33,901,1,AGUA
-33,1181,1,AGUA
-33,1430,1,AGUA
-33,900,1,AGUA
-33,1310,1,AGUA
-33,771,1,AGUA
-33,651,1,AGUA
-33,531,1,AGUA
-33,797,1,AGUA
-33,411,1,AGUA
-48,484,4,AGUA
-48,484,3,AGUA
-48,484,6,AGUA
-48,484,5,AGUA
-48,484,0,AGUA
-33,677,1,AGUA
-48,484,2,AGUA
-48,484,1,AGUA
-33,161,1,AGUA
-33,281,1,AGUA
-33,557,1,AGUA
-48,484,8,AGUA
-48,484,7,AGUA
-48,484,9,AGUA
-33,1382,1,AGUA
-33,972,1,AGUA
-33,732,1,AGUA
-33,1262,1,AGUA
-33,612,1,AGUA
-33,482,1,AGUA
-33,758,1,AGUA
-33,638,1,AGUA
-33,242,1,AGUA
-33,518,1,AGUA
-33,362,1,AGUA
-33,388,1,AGUA
-33,122,1,AGUA
-33,269,1,AGUA
-48,489,1,AGUA
-48,489,0,AGUA
-33,389,1,AGUA
-48,489,7,AGUA
-48,489,6,AGUA
-48,489,9,AGUA
-48,489,8,AGUA
-48,489,3,AGUA
-48,489,2,AGUA
-48,489,5,AGUA
-48,489,4,AGUA
-33,1048,1,AGUA
-33,55,1,AGUA
-33,149,1,AGUA
-48,463,2,AGUA
-48,463,3,AGUA
-48,463,4,AGUA
-48,463,5,AGUA
-33,1288,1,AGUA
-48,463,0,AGUA
-48,463,1,AGUA
-33,878,1,AGUA
-48,583,2,AGUA
-48,583,1,AGUA
-48,583,0,AGUA
-48,583,6,AGUA
-33,1418,1,AGUA
-33,1168,1,AGUA
-48,583,5,AGUA
-48,583,4,AGUA
-48,583,3,AGUA
-48,388,10,AGUA
-48,388,12,AGUA
-48,388,11,AGUA
-48,388,14,AGUA
-48,388,13,AGUA
-33,998,1,AGUA
-48,463,6,AGUA
-48,463,7,AGUA
-48,463,8,AGUA
-48,463,9,AGUA
-33,1142,1,AGUA
-48,583,9,AGUA
-48,583,8,AGUA
-48,583,7,AGUA
-33,1022,1,AGUA
-33,852,1,AGUA
-33,1383,1,AGUA
-33,733,1,AGUA
-33,613,1,AGUA
-33,483,1,AGUA
-33,363,1,AGUA
-33,759,1,AGUA
-33,639,1,AGUA
-33,519,1,AGUA
-33,123,1,AGUA
-33,243,1,AGUA
-33,124,1,AGUA
-33,1169,1,AGUA
-33,54,1,AGUA
-48,464,1,AGUA
-48,464,2,AGUA
-48,464,3,AGUA
-48,464,4,AGUA
-48,464,0,AGUA
-33,1049,1,AGUA
-48,584,1,AGUA
-48,584,0,AGUA
-48,584,5,AGUA
-48,584,4,AGUA
-33,1419,1,AGUA
-33,879,1,AGUA
-48,584,3,AGUA
-48,584,2,AGUA
-48,464,9,AGUA
-33,999,1,AGUA
-48,464,5,AGUA
-48,464,6,AGUA
-48,464,7,AGUA
-48,464,8,AGUA
-33,1023,1,AGUA
-33,1289,1,AGUA
-48,584,9,AGUA
-48,584,8,AGUA
-48,584,7,AGUA
-48,584,6,AGUA
-33,1263,1,AGUA
-33,853,1,AGUA
-33,1143,1,AGUA
-33,973,1,AGUA
-33,1140,1,AGUA
-33,610,1,AGUA
-48,581,9,AGUA
-33,480,1,AGUA
-48,604,11,AGUA
-48,604,10,AGUA
-48,604,13,AGUA
-48,604,12,AGUA
-33,1020,1,AGUA
-48,604,14,AGUA
-33,850,1,AGUA
-33,756,1,AGUA
-33,1380,1,AGUA
-33,970,1,AGUA
-33,240,1,AGUA
-33,1416,1,AGUA
-33,636,1,AGUA
-33,516,1,AGUA
-33,360,1,AGUA
-33,1260,1,AGUA
-33,386,1,AGUA
-33,120,1,AGUA
-33,146,1,AGUA
-33,266,1,AGUA
-33,147,1,AGUA
-33,31,1,AGUA
-48,487,1,AGUA
-48,487,0,AGUA
-48,487,3,AGUA
-48,487,2,AGUA
-48,487,9,AGUA
-48,487,8,AGUA
-48,487,5,AGUA
-48,487,4,AGUA
-48,487,7,AGUA
-48,487,6,AGUA
-33,1046,1,AGUA
-33,57,1,AGUA
-48,461,4,AGUA
-48,461,5,AGUA
-48,461,6,AGUA
-33,1286,1,AGUA
-48,461,7,AGUA
-48,461,0,AGUA
-48,461,1,AGUA
-48,461,2,AGUA
-48,461,3,AGUA
-33,876,1,AGUA
-48,581,4,AGUA
-48,581,3,AGUA
-48,581,2,AGUA
-48,581,1,AGUA
-48,581,8,AGUA
-48,581,7,AGUA
-48,581,6,AGUA
-33,1166,1,AGUA
-48,581,5,AGUA
-48,581,0,AGUA
-33,730,1,AGUA
-33,996,1,AGUA
-48,461,8,AGUA
-48,461,9,AGUA
-33,731,1,AGUA
-33,1261,1,AGUA
-48,569,15,AGUA
-33,851,1,AGUA
-33,1141,1,AGUA
-33,611,1,AGUA
-48,570,11,AGUA
-48,570,10,AGUA
-48,570,13,AGUA
-33,971,1,AGUA
-48,570,12,AGUA
-48,570,14,AGUA
-33,1417,1,AGUA
-48,594,14,AGUA
-48,594,13,AGUA
-48,594,12,AGUA
-48,594,11,AGUA
-48,594,10,AGUA
-33,481,1,AGUA
-33,361,1,AGUA
-33,757,1,AGUA
-48,582,10,AGUA
-48,582,11,AGUA
-48,582,12,AGUA
-48,582,13,AGUA
-48,582,14,AGUA
-33,1381,1,AGUA
-33,637,1,AGUA
-33,517,1,AGUA
-33,121,1,AGUA
-33,241,1,AGUA
-33,267,1,AGUA
-48,545,15,AGUA
-33,387,1,AGUA
-33,148,1,AGUA
-33,30,1,AGUA
-33,268,1,AGUA
-48,488,0,AGUA
-48,488,2,AGUA
-48,488,1,AGUA
-48,488,8,AGUA
-48,488,7,AGUA
-48,488,9,AGUA
-48,488,4,AGUA
-48,488,3,AGUA
-48,488,6,AGUA
-48,488,5,AGUA
-33,1167,1,AGUA
-33,56,1,AGUA
-48,462,3,AGUA
-48,462,4,AGUA
-48,462,5,AGUA
-48,462,6,AGUA
-48,462,0,AGUA
-48,462,1,AGUA
-48,462,2,AGUA
-33,1047,1,AGUA
-33,877,1,AGUA
-48,582,3,AGUA
-48,582,2,AGUA
-48,582,1,AGUA
-48,582,0,AGUA
-48,582,7,AGUA
-48,582,6,AGUA
-48,582,5,AGUA
-48,582,4,AGUA
-33,997,1,AGUA
-48,462,7,AGUA
-48,462,8,AGUA
-48,462,9,AGUA
-33,1021,1,AGUA
-33,1287,1,AGUA
-48,582,9,AGUA
-48,582,8,AGUA
-33,754,1,AGUA
-33,1284,1,AGUA
-33,874,1,AGUA
-33,1414,1,AGUA
-33,1164,1,AGUA
-33,634,1,AGUA
-33,994,1,AGUA
-33,514,1,AGUA
-33,384,1,AGUA
-48,498,11,AGUA
-48,498,12,AGUA
-48,498,13,AGUA
-48,498,14,AGUA
-48,498,10,AGUA
-33,144,1,AGUA
-48,474,15,AGUA
-48,474,13,AGUA
-48,474,14,AGUA
-48,474,11,AGUA
-48,474,12,AGUA
-48,474,10,AGUA
-33,264,1,AGUA
-48,468,0,AGUA
-48,486,15,AGUA
-48,486,14,AGUA
-48,486,11,AGUA
-48,486,10,AGUA
-48,486,13,AGUA
-48,486,12,AGUA
-48,467,0,AGUA
-48,467,1,AGUA
-48,425,15,AGUA
-48,587,2,AGUA
-48,587,1,AGUA
-48,587,0,AGUA
-48,467,6,AGUA
-48,467,7,AGUA
-48,467,8,AGUA
-48,467,9,AGUA
-48,467,2,AGUA
-48,467,3,AGUA
-48,467,4,AGUA
-48,467,5,AGUA
-48,462,14,AGUA
-48,462,13,AGUA
-48,462,12,AGUA
-48,462,11,AGUA
-48,462,10,AGUA
-48,587,6,AGUA
-48,587,5,AGUA
-48,587,4,AGUA
-48,587,3,AGUA
-48,587,9,AGUA
-48,587,8,AGUA
-48,587,7,AGUA
-48,441,1,AGUA
-48,441,0,AGUA
-48,441,5,AGUA
-48,441,4,AGUA
-48,441,3,AGUA
-48,450,10,AGUA
-48,441,2,AGUA
-48,450,11,AGUA
-48,450,12,AGUA
-48,450,13,AGUA
-48,450,14,AGUA
-48,561,1,AGUA
-48,561,2,AGUA
-48,561,0,AGUA
-48,561,5,AGUA
-48,561,6,AGUA
-48,561,3,AGUA
-48,561,4,AGUA
-48,508,11,AGUA
-48,508,12,AGUA
-33,33,1,AGUA
-48,508,10,AGUA
-48,508,13,AGUA
-48,508,14,AGUA
-48,441,9,AGUA
-48,441,8,AGUA
-48,441,7,AGUA
-48,441,6,AGUA
-48,561,9,AGUA
-48,561,7,AGUA
-48,561,8,AGUA
-33,1044,1,AGUA
-33,59,1,AGUA
-33,1415,1,AGUA
-33,995,1,AGUA
-33,755,1,AGUA
-33,1285,1,AGUA
-33,635,1,AGUA
-33,515,1,AGUA
-33,265,1,AGUA
-33,385,1,AGUA
-48,589,0,AGUA
-48,469,8,AGUA
-48,469,9,AGUA
-48,469,4,AGUA
-48,469,5,AGUA
-48,469,6,AGUA
-48,469,7,AGUA
-48,469,0,AGUA
-48,469,1,AGUA
-48,469,2,AGUA
-48,469,3,AGUA
-33,145,1,AGUA
-48,588,1,AGUA
-48,588,0,AGUA
-48,468,9,AGUA
-48,468,5,AGUA
-48,468,6,AGUA
-48,468,7,AGUA
-48,468,8,AGUA
-48,468,1,AGUA
-48,468,2,AGUA
-48,468,3,AGUA
-48,468,4,AGUA
-48,588,5,AGUA
-48,588,4,AGUA
-48,588,3,AGUA
-48,588,2,AGUA
-48,588,9,AGUA
-48,588,8,AGUA
-48,588,7,AGUA
-48,588,6,AGUA
-48,442,0,AGUA
-48,442,4,AGUA
-48,442,3,AGUA
-48,442,2,AGUA
-48,442,1,AGUA
-48,562,0,AGUA
-48,562,1,AGUA
-48,562,4,AGUA
-48,562,5,AGUA
-48,562,2,AGUA
-48,562,3,AGUA
-33,32,1,AGUA
-48,442,8,AGUA
-48,442,7,AGUA
-48,442,6,AGUA
-48,442,5,AGUA
-48,442,9,AGUA
-48,562,8,AGUA
-48,562,9,AGUA
-48,562,6,AGUA
-48,562,7,AGUA
-33,1165,1,AGUA
-33,58,1,AGUA
-33,1045,1,AGUA
-33,875,1,AGUA
-33,512,1,AGUA
-33,382,1,AGUA
-33,1318,1,AGUA
-33,1042,1,AGUA
-33,908,1,AGUA
-33,778,1,AGUA
-33,658,1,AGUA
-33,538,1,AGUA
-33,1282,1,AGUA
-33,142,1,AGUA
-33,872,1,AGUA
-33,1162,1,AGUA
-33,418,1,AGUA
-33,262,1,AGUA
-33,992,1,AGUA
-33,288,1,AGUA
-33,1412,1,AGUA
-33,168,1,AGUA
-48,465,0,AGUA
-48,465,1,AGUA
-48,465,2,AGUA
-48,465,3,AGUA
-48,585,0,AGUA
-48,585,4,AGUA
-48,585,3,AGUA
-48,585,2,AGUA
-48,585,1,AGUA
-48,378,11,AGUA
-48,378,10,AGUA
-48,378,14,AGUA
-48,378,13,AGUA
-48,378,12,AGUA
-48,465,8,AGUA
-48,465,9,AGUA
-48,465,4,AGUA
-48,465,5,AGUA
-48,465,6,AGUA
-48,465,7,AGUA
-48,585,8,AGUA
-48,585,7,AGUA
-48,585,6,AGUA
-48,585,5,AGUA
-48,585,9,AGUA
-33,1188,1,AGUA
-33,752,1,AGUA
-33,35,1,AGUA
-33,632,1,AGUA
-33,1068,1,AGUA
-33,898,1,AGUA
-33,1163,1,AGUA
-33,633,1,AGUA
-33,513,1,AGUA
-33,1043,1,AGUA
-33,1319,1,AGUA
-33,873,1,AGUA
-33,779,1,AGUA
-33,263,1,AGUA
-33,659,1,AGUA
-33,993,1,AGUA
-33,1283,1,AGUA
-33,539,1,AGUA
-33,383,1,AGUA
-33,419,1,AGUA
-33,143,1,AGUA
-33,1413,1,AGUA
-33,169,1,AGUA
-33,289,1,AGUA
-48,466,0,AGUA
-48,466,1,AGUA
-48,466,2,AGUA
-48,586,3,AGUA
-48,586,2,AGUA
-48,586,1,AGUA
-48,586,0,AGUA
-48,466,7,AGUA
-48,466,8,AGUA
-48,466,9,AGUA
-48,466,3,AGUA
-48,466,4,AGUA
-48,466,5,AGUA
-48,466,6,AGUA
-48,586,7,AGUA
-48,586,6,AGUA
-48,586,5,AGUA
-48,586,4,AGUA
-48,586,9,AGUA
-48,586,8,AGUA
-48,440,2,AGUA
-48,440,1,AGUA
-48,440,0,AGUA
-48,440,6,AGUA
-48,440,5,AGUA
-48,440,4,AGUA
-48,440,3,AGUA
-33,1069,1,AGUA
-48,560,2,AGUA
-48,560,3,AGUA
-48,560,0,AGUA
-48,560,1,AGUA
-48,560,6,AGUA
-48,560,7,AGUA
-48,560,4,AGUA
-48,560,5,AGUA
-33,34,1,AGUA
-48,440,9,AGUA
-48,440,8,AGUA
-48,440,7,AGUA
-33,899,1,AGUA
-48,560,8,AGUA
-48,560,9,AGUA
-33,1189,1,AGUA
-33,753,1,AGUA
-33,909,1,AGUA
