-65,219,-3,AGUA
-65,219,-4,AGUA
-65,219,-5,AGUA
-65,219,-6,AGUA
-65,219,-7,AGUA
-65,219,-8,AGUA
-65,219,-9,AGUA
-65,219,-1,AGUA
-65,219,-2,AGUA
-65,220,-3,AGUA
-65,220,-4,AGUA
-65,220,-1,AGUA
-65,220,-2,AGUA
-65,220,-7,AGUA
-65,220,-8,AGUA
-65,220,-5,AGUA
-65,220,-6,AGUA
-65,220,-9,AGUA
-80,135,-10,AGUA
-80,135,-11,AGUA
-65,207,-3,AGUA
-65,207,-2,AGUA
-65,207,-5,AGUA
-65,207,-4,AGUA
-65,207,-7,AGUA
-65,207,-6,AGUA
-65,207,-9,AGUA
-65,207,-8,AGUA
-65,207,-1,AGUA
-65,167,-10,AGUA
-65,167,-11,AGUA
-65,167,-14,AGUA
-65,167,-15,AGUA
-65,167,-12,AGUA
-65,167,-13,AGUA
-65,167,-16,AGUA
-80,81,-10,AGUA
-80,81,-11,AGUA
-65,219,-12,AGUA
-65,219,-13,AGUA
-65,219,-14,AGUA
-65,219,-15,AGUA
-65,219,-10,AGUA
-65,219,-11,AGUA
-80,33,-10,AGUA
-80,33,-11,AGUA
-65,197,-3,AGUA
-65,197,-2,AGUA
-65,197,-1,AGUA
-65,197,-7,AGUA
-65,197,-6,AGUA
-65,197,-5,AGUA
-65,197,-4,AGUA
-80,98,-6,AGUA
-80,98,-5,AGUA
-65,197,-9,AGUA
-80,98,-4,AGUA
-65,197,-8,AGUA
-80,98,-3,AGUA
-80,98,-2,AGUA
-80,98,-9,AGUA
-80,98,-8,AGUA
-80,98,-7,AGUA
-80,86,-6,AGUA
-80,86,-7,AGUA
-80,86,-8,AGUA
-80,86,-9,AGUA
-80,86,-1,AGUA
-80,86,-2,AGUA
-80,86,-3,AGUA
-80,86,-4,AGUA
-80,86,-5,AGUA
-65,185,-3,AGUA
-65,185,-4,AGUA
-65,185,-5,AGUA
-65,185,-6,AGUA
-65,185,-1,AGUA
-65,185,-2,AGUA
-65,185,-7,AGUA
-65,185,-8,AGUA
-65,185,-9,AGUA
-80,62,-6,AGUA
-80,62,-7,AGUA
-80,62,-4,AGUA
-80,62,-5,AGUA
-80,62,-8,AGUA
-80,62,-9,AGUA
-80,62,-2,AGUA
-80,62,-3,AGUA
-80,62,-1,AGUA
-80,74,-2,AGUA
-80,74,-4,AGUA
-80,74,-3,AGUA
-80,74,-6,AGUA
-80,74,-5,AGUA
-80,74,-8,AGUA
-80,74,-7,AGUA
-80,74,-9,AGUA
-65,161,-3,AGUA
-65,161,-4,AGUA
-65,161,-1,AGUA
-65,161,-2,AGUA
-80,171,-11,AGUA
-65,161,-9,AGUA
-80,171,-10,AGUA
-65,161,-7,AGUA
-65,161,-8,AGUA
-65,161,-5,AGUA
-65,161,-6,AGUA
-65,173,-3,AGUA
-65,173,-2,AGUA
-65,173,-5,AGUA
-65,173,-4,AGUA
-65,173,-1,AGUA
-80,119,-1,AGUA
-65,173,-7,AGUA
-65,173,-6,AGUA
-65,173,-9,AGUA
-65,173,-8,AGUA
-80,120,-2,AGUA
-80,120,-3,AGUA
-80,120,-4,AGUA
-80,120,-5,AGUA
-80,120,-6,AGUA
-80,120,-7,AGUA
-80,120,-8,AGUA
-80,120,-9,AGUA
-80,132,-9,AGUA
-80,132,-8,AGUA
-80,132,-7,AGUA
-80,132,-6,AGUA
-80,132,-5,AGUA
-80,132,-4,AGUA
-80,132,-3,AGUA
-80,132,-2,AGUA
-80,144,-9,AGUA
-80,144,-7,AGUA
-80,144,-8,AGUA
-80,144,-5,AGUA
-80,144,-6,AGUA
-80,144,-3,AGUA
-80,144,-4,AGUA
-80,144,-1,AGUA
-80,144,-2,AGUA
-80,100,-11,AGUA
-80,100,-10,AGUA
-80,168,-9,AGUA
-80,168,-5,AGUA
-80,168,-6,AGUA
-80,168,-7,AGUA
-80,168,-8,AGUA
-80,168,-1,AGUA
-80,168,-2,AGUA
-80,168,-3,AGUA
-80,168,-4,AGUA
-80,156,-9,AGUA
-80,156,-8,AGUA
-80,156,-5,AGUA
-80,156,-4,AGUA
-80,156,-7,AGUA
-80,156,-6,AGUA
-80,156,-1,AGUA
-80,156,-3,AGUA
-80,156,-2,AGUA
-65,179,-10,AGUA
-65,179,-14,AGUA
-65,179,-13,AGUA
-65,179,-12,AGUA
-65,179,-11,AGUA
-65,179,-15,AGUA
-80,50,-2,AGUA
-80,50,-1,AGUA
-80,25,-1,AGUA
-80,50,-6,AGUA
-80,50,-5,AGUA
-80,50,-4,AGUA
-80,50,-3,AGUA
-80,50,-9,AGUA
-80,50,-8,AGUA
-80,50,-7,AGUA
-65,112,-3,AGUA
-65,112,-4,AGUA
-65,112,-5,AGUA
-65,112,-6,AGUA
-65,112,-7,AGUA
-65,112,-8,AGUA
-65,112,-9,AGUA
-65,112,-2,AGUA
-65,100,-3,AGUA
-65,100,-2,AGUA
-65,100,-5,AGUA
-65,100,-4,AGUA
-65,100,-7,AGUA
-65,100,-6,AGUA
-65,100,-9,AGUA
-65,100,-8,AGUA
-65,100,-1,AGUA
-80,21,-11,AGUA
-80,21,-10,AGUA
-80,93,-11,AGUA
-80,93,-10,AGUA
-65,180,-16,AGUA
-65,89,-8,AGUA
-65,89,-9,AGUA
-65,89,-6,AGUA
-65,89,-7,AGUA
-65,89,-4,AGUA
-65,89,-5,AGUA
-65,89,-2,AGUA
-65,89,-3,AGUA
-65,89,-1,AGUA
-65,155,-10,AGUA
-65,155,-12,AGUA
-65,155,-11,AGUA
-65,155,-14,AGUA
-65,155,-13,AGUA
-65,155,-15,AGUA
-80,123,-10,AGUA
-65,90,-2,AGUA
-65,90,-3,AGUA
-65,90,-4,AGUA
-65,90,-5,AGUA
-65,90,-6,AGUA
-80,123,-11,AGUA
-65,90,-7,AGUA
-65,90,-8,AGUA
-65,90,-9,AGUA
-80,3,-11,AGUA
-80,3,-10,AGUA
-65,207,-12,AGUA
-65,207,-11,AGUA
-65,207,-10,AGUA
-65,207,-16,AGUA
-65,207,-15,AGUA
-65,207,-14,AGUA
-65,207,-13,AGUA
-80,159,-10,AGUA
-80,159,-11,AGUA
-80,56,-10,AGUA
-80,56,-11,AGUA
-80,92,-11,AGUA
-80,92,-10,AGUA
-80,22,-10,AGUA
-80,22,-11,AGUA
-80,146,-11,AGUA
-80,146,-10,AGUA
-80,160,-10,AGUA
-80,160,-11,AGUA
-80,111,-10,AGUA
-80,111,-11,AGUA
-65,205,-1,AGUA
-65,205,-2,AGUA
-65,205,-3,AGUA
-65,205,-4,AGUA
-65,205,-5,AGUA
-65,205,-6,AGUA
-65,205,-7,AGUA
-65,217,-8,AGUA
-65,205,-8,AGUA
-65,217,-7,AGUA
-65,205,-9,AGUA
-65,217,-6,AGUA
-65,217,-5,AGUA
-65,217,-4,AGUA
-65,217,-3,AGUA
-65,217,-2,AGUA
-65,217,-1,AGUA
-80,57,-10,AGUA
-80,57,-11,AGUA
-80,68,-11,AGUA
-80,68,-10,AGUA
-80,134,-11,AGUA
-80,134,-10,AGUA
-80,10,-10,AGUA
-80,10,-11,AGUA
-80,45,-11,AGUA
-80,45,-10,AGUA
-80,96,-3,AGUA
-80,96,-4,AGUA
-80,96,-1,AGUA
-80,96,-2,AGUA
-80,96,-9,AGUA
-80,96,-7,AGUA
-80,96,-8,AGUA
-80,96,-5,AGUA
-80,96,-6,AGUA
-65,183,-4,AGUA
-65,183,-3,AGUA
-65,183,-2,AGUA
-65,183,-1,AGUA
-65,183,-8,AGUA
-65,183,-7,AGUA
-65,183,-6,AGUA
-65,183,-5,AGUA
-65,183,-9,AGUA
-65,171,-1,AGUA
-65,171,-2,AGUA
-65,171,-3,AGUA
-65,171,-8,AGUA
-65,171,-9,AGUA
-65,171,-4,AGUA
-65,171,-5,AGUA
-65,171,-6,AGUA
-65,171,-7,AGUA
-65,195,-1,AGUA
-65,195,-4,AGUA
-65,195,-5,AGUA
-65,195,-2,AGUA
-65,195,-3,AGUA
-65,195,-8,AGUA
-65,195,-9,AGUA
-65,195,-6,AGUA
-65,195,-7,AGUA
-80,172,-10,AGUA
-80,172,-11,AGUA
-80,23,-1,AGUA
-65,110,-9,AGUA
-65,110,-8,AGUA
-65,110,-7,AGUA
-65,110,-6,AGUA
-65,110,-5,AGUA
-65,110,-4,AGUA
-65,110,-3,AGUA
-65,110,-2,AGUA
-80,47,-1,AGUA
-65,109,-2,AGUA
-65,109,-1,AGUA
-65,109,-8,AGUA
-65,109,-7,AGUA
-65,109,-9,AGUA
-65,109,-4,AGUA
-65,109,-3,AGUA
-65,109,-6,AGUA
-65,109,-5,AGUA
-80,72,-2,AGUA
-80,72,-3,AGUA
-80,72,-4,AGUA
-80,72,-5,AGUA
-80,72,-6,AGUA
-80,72,-7,AGUA
-80,72,-8,AGUA
-80,72,-9,AGUA
-80,84,-9,AGUA
-80,84,-8,AGUA
-80,84,-7,AGUA
-80,84,-6,AGUA
-80,84,-5,AGUA
-80,84,-4,AGUA
-80,84,-3,AGUA
-80,84,-2,AGUA
-80,60,-3,AGUA
-80,60,-2,AGUA
-80,60,-5,AGUA
-80,60,-4,AGUA
-80,60,-7,AGUA
-80,60,-6,AGUA
-80,60,-9,AGUA
-80,60,-8,AGUA
-80,60,-1,AGUA
-65,92,-1,AGUA
-65,92,-3,AGUA
-65,92,-2,AGUA
-65,92,-5,AGUA
-65,92,-4,AGUA
-65,92,-7,AGUA
-65,92,-6,AGUA
-65,92,-9,AGUA
-65,92,-8,AGUA
-80,11,-10,AGUA
-80,11,-11,AGUA
-80,94,-11,AGUA
-80,94,-10,AGUA
-65,181,-15,AGUA
-65,181,-14,AGUA
-65,181,-13,AGUA
-65,181,-12,AGUA
-65,181,-11,AGUA
-65,181,-10,AGUA
-80,122,-11,AGUA
-80,122,-10,AGUA
-80,4,-11,AGUA
-80,4,-10,AGUA
-80,46,-10,AGUA
-80,46,-11,AGUA
-65,106,-10,AGUA
-65,106,-15,AGUA
-65,106,-14,AGUA
-65,106,-13,AGUA
-65,106,-12,AGUA
-65,106,-11,AGUA
-80,109,-11,AGUA
-80,109,-10,AGUA
-80,145,-10,AGUA
-80,145,-11,AGUA
-65,199,-6,AGUA
-65,199,-7,AGUA
-65,199,-8,AGUA
-65,199,-9,AGUA
-65,199,-2,AGUA
-65,199,-3,AGUA
-65,199,-4,AGUA
-65,199,-5,AGUA
-80,34,-10,AGUA
-80,34,-11,AGUA
-65,199,-1,AGUA
-80,161,-11,AGUA
-80,161,-10,AGUA
-65,163,-6,AGUA
-65,163,-5,AGUA
-65,163,-4,AGUA
-65,163,-3,AGUA
-65,163,-2,AGUA
-65,163,-1,AGUA
-65,163,-9,AGUA
-65,163,-8,AGUA
-65,163,-7,AGUA
-65,90,-10,AGUA
-65,90,-15,AGUA
-65,90,-16,AGUA
-65,90,-13,AGUA
-65,90,-14,AGUA
-65,90,-11,AGUA
-65,90,-12,AGUA
-80,110,-10,AGUA
-80,110,-11,AGUA
-65,187,-6,AGUA
-65,187,-5,AGUA
-65,187,-8,AGUA
-65,187,-7,AGUA
-65,187,-2,AGUA
-65,187,-1,AGUA
-65,187,-4,AGUA
-65,187,-3,AGUA
-65,187,-9,AGUA
-65,175,-6,AGUA
-65,102,-6,AGUA
-65,175,-7,AGUA
-65,102,-7,AGUA
-65,175,-4,AGUA
-65,102,-4,AGUA
-65,175,-5,AGUA
-65,102,-5,AGUA
-65,175,-2,AGUA
-65,175,-3,AGUA
-65,102,-8,AGUA
-65,102,-9,AGUA
-65,175,-1,AGUA
-65,175,-8,AGUA
-65,175,-9,AGUA
-80,117,-1,AGUA
-80,129,-1,AGUA
-80,130,-6,AGUA
-80,130,-7,AGUA
-80,130,-4,AGUA
-80,130,-5,AGUA
-80,130,-2,AGUA
-80,130,-3,AGUA
-80,130,-8,AGUA
-80,130,-9,AGUA
-80,142,-9,AGUA
-80,142,-6,AGUA
-80,142,-5,AGUA
-80,142,-8,AGUA
-80,142,-7,AGUA
-80,142,-2,AGUA
-80,142,-1,AGUA
-80,142,-4,AGUA
-80,142,-3,AGUA
-80,154,-6,AGUA
-80,154,-7,AGUA
-80,154,-8,AGUA
-80,154,-9,AGUA
-80,154,-2,AGUA
-80,154,-3,AGUA
-80,154,-4,AGUA
-80,154,-5,AGUA
-80,154,-1,AGUA
-80,178,-6,AGUA
-80,178,-7,AGUA
-80,178,-4,AGUA
-80,178,-5,AGUA
-80,178,-8,AGUA
-80,178,-9,AGUA
-80,178,-2,AGUA
-80,178,-3,AGUA
-80,178,-1,AGUA
-65,193,-10,AGUA
-65,193,-11,AGUA
-65,193,-12,AGUA
-65,193,-13,AGUA
-65,193,-14,AGUA
-65,193,-15,AGUA
-80,166,-6,AGUA
-80,166,-5,AGUA
-80,166,-4,AGUA
-80,166,-3,AGUA
-80,166,-9,AGUA
-80,166,-8,AGUA
-80,166,-7,AGUA
-80,166,-2,AGUA
-80,166,-1,AGUA
-80,71,-10,AGUA
-80,71,-11,AGUA
-65,102,-2,AGUA
-65,102,-3,AGUA
-65,102,-1,AGUA
-65,165,-14,AGUA
-65,165,-15,AGUA
-65,165,-12,AGUA
-65,165,-13,AGUA
-65,165,-10,AGUA
-65,165,-11,AGUA
-80,69,-11,AGUA
-80,69,-10,AGUA
-80,21,-1,AGUA
-65,170,-16,AGUA
-80,133,-10,AGUA
-80,133,-11,AGUA
-80,35,-11,AGUA
-80,35,-10,AGUA
-80,115,-1,AGUA
-80,173,-11,AGUA
-80,173,-10,AGUA
-80,127,-1,AGUA
-80,140,-7,AGUA
-80,140,-8,AGUA
-80,140,-9,AGUA
-80,140,-3,AGUA
-80,140,-4,AGUA
-80,140,-5,AGUA
-80,140,-6,AGUA
-80,140,-1,AGUA
-80,140,-2,AGUA
-80,164,-9,AGUA
-80,164,-3,AGUA
-80,164,-4,AGUA
-80,164,-1,AGUA
-80,164,-2,AGUA
-80,164,-7,AGUA
-80,164,-8,AGUA
-80,164,-5,AGUA
-80,164,-6,AGUA
-80,152,-3,AGUA
-80,152,-2,AGUA
-80,152,-1,AGUA
-80,152,-7,AGUA
-80,152,-6,AGUA
-80,152,-5,AGUA
-80,152,-4,AGUA
-80,152,-9,AGUA
-80,152,-8,AGUA
-65,153,-15,AGUA
-65,153,-12,AGUA
-65,153,-11,AGUA
-65,153,-14,AGUA
-65,153,-13,AGUA
-65,153,-10,AGUA
-80,176,-3,AGUA
-80,176,-2,AGUA
-80,176,-5,AGUA
-80,176,-4,AGUA
-80,176,-7,AGUA
-80,176,-6,AGUA
-80,176,-9,AGUA
-80,176,-8,AGUA
-80,176,-1,AGUA
-80,69,-1,AGUA
-80,45,-1,AGUA
-80,70,-8,AGUA
-80,70,-7,AGUA
-80,70,-6,AGUA
-80,70,-5,AGUA
-80,70,-4,AGUA
-80,70,-3,AGUA
-80,70,-2,AGUA
-80,70,-9,AGUA
-80,70,-11,AGUA
-80,70,-10,AGUA
-80,94,-2,AGUA
-80,94,-1,AGUA
-80,94,-8,AGUA
-80,94,-7,AGUA
-80,94,-9,AGUA
-80,94,-4,AGUA
-80,94,-3,AGUA
-80,94,-6,AGUA
-80,94,-5,AGUA
-80,82,-8,AGUA
-80,82,-9,AGUA
-80,82,-6,AGUA
-80,82,-7,AGUA
-80,82,-4,AGUA
-80,82,-5,AGUA
-80,82,-2,AGUA
-80,82,-3,AGUA
-80,150,-11,AGUA
-80,150,-10,AGUA
-65,94,-2,AGUA
-65,94,-3,AGUA
-65,94,-1,AGUA
-65,94,-6,AGUA
-65,94,-7,AGUA
-65,94,-4,AGUA
-65,94,-5,AGUA
-65,94,-8,AGUA
-65,94,-9,AGUA
-65,82,-2,AGUA
-65,82,-6,AGUA
-65,82,-5,AGUA
-65,82,-4,AGUA
-65,82,-3,AGUA
-65,82,-9,AGUA
-65,82,-8,AGUA
-65,82,-7,AGUA
-65,222,-6,AGUA
-80,82,-10,AGUA
-65,222,-5,AGUA
-80,82,-11,AGUA
-65,222,-4,AGUA
-65,222,-3,AGUA
-65,222,-9,AGUA
-65,222,-8,AGUA
-65,222,-7,AGUA
-80,23,-11,AGUA
-80,23,-10,AGUA
-65,222,-2,AGUA
-65,222,-1,AGUA
-65,209,-6,AGUA
-65,209,-7,AGUA
-65,209,-4,AGUA
-65,209,-5,AGUA
-65,209,-8,AGUA
-65,209,-9,AGUA
-65,209,-2,AGUA
-65,209,-3,AGUA
-65,209,-1,AGUA
-65,210,-6,AGUA
-65,210,-7,AGUA
-65,210,-8,AGUA
-65,210,-9,AGUA
-65,210,-2,AGUA
-65,210,-3,AGUA
-65,210,-4,AGUA
-65,210,-5,AGUA
-65,210,-1,AGUA
-80,5,-11,AGUA
-80,5,-10,AGUA
-65,218,-16,AGUA
-80,121,-11,AGUA
-80,121,-10,AGUA
-80,58,-10,AGUA
-80,58,-11,AGUA
-80,126,-2,AGUA
-80,126,-6,AGUA
-80,126,-5,AGUA
-80,126,-4,AGUA
-80,126,-3,AGUA
-80,126,-9,AGUA
-80,126,-8,AGUA
-80,126,-7,AGUA
-80,138,-2,AGUA
-80,138,-3,AGUA
-80,138,-1,AGUA
-80,138,-6,AGUA
-80,138,-7,AGUA
-80,138,-4,AGUA
-80,138,-5,AGUA
-80,138,-8,AGUA
-80,138,-9,AGUA
-80,126,-11,AGUA
-80,126,-10,AGUA
-80,175,-2,AGUA
-80,175,-1,AGUA
-80,175,-4,AGUA
-80,175,-3,AGUA
-80,175,-6,AGUA
-80,175,-5,AGUA
-80,175,-8,AGUA
-80,175,-7,AGUA
-80,175,-9,AGUA
-80,163,-8,AGUA
-80,163,-9,AGUA
-80,163,-2,AGUA
-80,163,-3,AGUA
-80,163,-1,AGUA
-80,163,-6,AGUA
-80,163,-7,AGUA
-80,163,-4,AGUA
-80,163,-5,AGUA
-65,105,-9,AGUA
-65,105,-8,AGUA
-65,105,-7,AGUA
-65,111,-16,AGUA
-65,105,-2,AGUA
-65,105,-1,AGUA
-65,105,-6,AGUA
-65,105,-5,AGUA
-65,105,-4,AGUA
-65,105,-3,AGUA
-65,94,-13,AGUA
-65,94,-14,AGUA
-65,94,-11,AGUA
-65,94,-12,AGUA
-65,94,-10,AGUA
-80,90,-11,AGUA
-80,90,-10,AGUA
-65,95,-3,AGUA
-65,95,-4,AGUA
-65,95,-2,AGUA
-65,95,-7,AGUA
-65,95,-8,AGUA
-65,95,-5,AGUA
-65,95,-6,AGUA
-65,95,-9,AGUA
-65,94,-15,AGUA
-65,158,-16,AGUA
-80,180,-10,AGUA
-80,180,-11,AGUA
-80,18,-11,AGUA
-80,18,-10,AGUA
-80,89,-11,AGUA
-80,89,-10,AGUA
-65,213,-9,AGUA
-65,213,-6,AGUA
-65,213,-5,AGUA
-65,213,-8,AGUA
-65,213,-7,AGUA
-65,201,-2,AGUA
-65,201,-3,AGUA
-65,201,-1,AGUA
-65,201,-8,AGUA
-65,201,-9,AGUA
-65,201,-6,AGUA
-65,201,-7,AGUA
-65,201,-4,AGUA
-65,201,-5,AGUA
-65,213,-2,AGUA
-65,213,-1,AGUA
-65,213,-4,AGUA
-65,213,-3,AGUA
-80,156,-11,AGUA
-80,156,-10,AGUA
-80,42,-10,AGUA
-80,42,-11,AGUA
-80,18,-5,AGUA
-80,18,-6,AGUA
-80,18,-3,AGUA
-80,18,-4,AGUA
-80,18,-2,AGUA
-80,18,-9,AGUA
-80,18,-7,AGUA
-80,18,-8,AGUA
-80,43,-1,AGUA
-80,66,-11,AGUA
-80,66,-10,AGUA
-80,67,-1,AGUA
-80,30,-10,AGUA
-80,30,-11,AGUA
-80,149,-11,AGUA
-80,149,-10,AGUA
-65,83,-3,AGUA
-65,83,-2,AGUA
-65,83,-1,AGUA
-65,83,-7,AGUA
-65,83,-6,AGUA
-65,83,-5,AGUA
-65,83,-4,AGUA
-65,83,-9,AGUA
-65,83,-8,AGUA
-65,191,-1,AGUA
-65,191,-2,AGUA
-65,191,-3,AGUA
-65,191,-4,AGUA
-65,191,-5,AGUA
-65,191,-6,AGUA
-65,191,-7,AGUA
-65,191,-8,AGUA
-65,191,-9,AGUA
-80,92,-5,AGUA
-80,92,-6,AGUA
-80,92,-7,AGUA
-80,92,-8,AGUA
-80,92,-1,AGUA
-80,92,-2,AGUA
-80,92,-3,AGUA
-80,92,-4,AGUA
-80,92,-9,AGUA
-80,79,-1,AGUA
-80,114,-10,AGUA
-80,114,-11,AGUA
-80,168,-11,AGUA
-80,80,-5,AGUA
-80,168,-10,AGUA
-80,80,-4,AGUA
-80,80,-7,AGUA
-80,80,-6,AGUA
-80,80,-3,AGUA
-80,80,-2,AGUA
-80,80,-9,AGUA
-80,80,-8,AGUA
-80,102,-2,AGUA
-80,102,-1,AGUA
-80,102,-4,AGUA
-80,102,-3,AGUA
-80,102,-9,AGUA
-80,102,-6,AGUA
-80,102,-5,AGUA
-80,102,-8,AGUA
-80,102,-7,AGUA
-80,114,-2,AGUA
-80,114,-3,AGUA
-80,114,-4,AGUA
-80,114,-5,AGUA
-80,114,-6,AGUA
-80,114,-7,AGUA
-80,114,-8,AGUA
-80,114,-9,AGUA
-80,31,-11,AGUA
-80,31,-10,AGUA
-65,169,-14,AGUA
-65,169,-15,AGUA
-65,169,-12,AGUA
-65,169,-13,AGUA
-65,169,-10,AGUA
-65,169,-11,AGUA
-80,137,-10,AGUA
-80,137,-11,AGUA
-80,6,-11,AGUA
-80,65,-11,AGUA
-80,65,-10,AGUA
-80,6,-10,AGUA
-65,217,-10,AGUA
-65,217,-11,AGUA
-65,217,-12,AGUA
-65,217,-13,AGUA
-65,217,-14,AGUA
-65,217,-15,AGUA
-80,102,-11,AGUA
-80,102,-10,AGUA
-65,177,-16,AGUA
-65,177,-15,AGUA
-65,177,-14,AGUA
-65,177,-13,AGUA
-65,177,-12,AGUA
-65,177,-11,AGUA
-65,177,-10,AGUA
-80,100,-2,AGUA
-80,100,-7,AGUA
-80,100,-8,AGUA
-80,100,-9,AGUA
-80,100,-3,AGUA
-80,100,-4,AGUA
-80,100,-5,AGUA
-80,100,-6,AGUA
-80,112,-3,AGUA
-80,112,-2,AGUA
-80,112,-7,AGUA
-80,112,-6,AGUA
-80,112,-5,AGUA
-80,112,-4,AGUA
-80,112,-9,AGUA
-80,112,-8,AGUA
-80,124,-3,AGUA
-80,124,-4,AGUA
-80,124,-2,AGUA
-80,124,-7,AGUA
-80,124,-8,AGUA
-80,124,-5,AGUA
-80,124,-6,AGUA
-80,124,-9,AGUA
-80,136,-1,AGUA
-80,136,-3,AGUA
-80,136,-2,AGUA
-80,136,-5,AGUA
-80,136,-4,AGUA
-80,136,-7,AGUA
-80,136,-6,AGUA
-80,136,-9,AGUA
-80,136,-8,AGUA
-80,148,-1,AGUA
-80,148,-2,AGUA
-80,148,-3,AGUA
-80,148,-4,AGUA
-80,148,-5,AGUA
-80,148,-6,AGUA
-80,148,-7,AGUA
-80,148,-8,AGUA
-80,148,-9,AGUA
-65,157,-15,AGUA
-65,157,-12,AGUA
-65,157,-11,AGUA
-65,157,-14,AGUA
-65,157,-13,AGUA
-65,157,-10,AGUA
-65,103,-7,AGUA
-65,103,-8,AGUA
-65,103,-5,AGUA
-65,103,-6,AGUA
-65,103,-9,AGUA
-65,103,-3,AGUA
-65,103,-4,AGUA
-65,103,-2,AGUA
-80,125,-11,AGUA
-80,125,-10,AGUA
-80,1,-1,AGUA
-80,77,-10,AGUA
-80,77,-11,AGUA
-65,97,-2,AGUA
-65,97,-1,AGUA
-65,97,-6,AGUA
-65,97,-5,AGUA
-65,97,-4,AGUA
-65,97,-3,AGUA
-65,97,-9,AGUA
-65,97,-8,AGUA
-65,97,-7,AGUA
-65,85,-2,AGUA
-65,85,-3,AGUA
-65,85,-4,AGUA
-65,85,-5,AGUA
-65,85,-6,AGUA
-65,85,-7,AGUA
-65,85,-8,AGUA
-65,85,-9,AGUA
-65,189,-16,AGUA
-65,189,-10,AGUA
-65,189,-11,AGUA
-65,189,-12,AGUA
-65,189,-13,AGUA
-65,189,-14,AGUA
-65,189,-15,AGUA
-80,157,-10,AGUA
-80,157,-11,AGUA
-80,54,-10,AGUA
-80,54,-11,AGUA
-65,82,-13,AGUA
-65,82,-12,AGUA
-65,82,-15,AGUA
-65,82,-14,AGUA
-65,82,-11,AGUA
-65,82,-10,AGUA
-65,205,-16,AGUA
-65,205,-15,AGUA
-65,205,-14,AGUA
-65,205,-13,AGUA
-65,205,-12,AGUA
-65,205,-11,AGUA
-65,205,-10,AGUA
-80,28,-2,AGUA
-80,28,-3,AGUA
-80,28,-4,AGUA
-80,28,-5,AGUA
-80,28,-6,AGUA
-80,28,-7,AGUA
-80,28,-8,AGUA
-80,28,-9,AGUA
-80,16,-2,AGUA
-80,16,-1,AGUA
-80,16,-4,AGUA
-80,16,-3,AGUA
-80,16,-9,AGUA
-80,16,-6,AGUA
-80,16,-5,AGUA
-80,16,-8,AGUA
-80,16,-7,AGUA
-80,41,-1,AGUA
-80,90,-2,AGUA
-80,89,-1,AGUA
-80,90,-6,AGUA
-80,90,-5,AGUA
-80,90,-4,AGUA
-80,90,-3,AGUA
-80,90,-9,AGUA
-80,90,-8,AGUA
-80,90,-7,AGUA
-80,67,-11,AGUA
-80,67,-10,AGUA
-80,65,-1,AGUA
-80,77,-1,AGUA
-65,203,-12,AGUA
-65,203,-11,AGUA
-65,203,-10,AGUA
-65,203,-15,AGUA
-65,203,-14,AGUA
-65,203,-13,AGUA
-80,148,-11,AGUA
-80,148,-10,AGUA
-80,20,-11,AGUA
-80,20,-10,AGUA
-80,7,-11,AGUA
-80,7,-10,AGUA
-80,169,-11,AGUA
-80,169,-10,AGUA
-80,55,-11,AGUA
-80,55,-10,AGUA
-80,113,-10,AGUA
-80,113,-11,AGUA
-80,161,-7,AGUA
-80,161,-6,AGUA
-80,161,-9,AGUA
-80,161,-8,AGUA
-80,161,-1,AGUA
-80,161,-3,AGUA
-80,161,-2,AGUA
-80,161,-5,AGUA
-80,161,-4,AGUA
-65,217,-9,AGUA
-80,173,-1,AGUA
-80,173,-2,AGUA
-80,173,-3,AGUA
-80,173,-4,AGUA
-80,173,-5,AGUA
-80,173,-6,AGUA
-80,173,-7,AGUA
-80,173,-8,AGUA
-80,173,-9,AGUA
-65,107,-9,AGUA
-80,136,-11,AGUA
-80,136,-10,AGUA
-65,107,-5,AGUA
-65,107,-6,AGUA
-65,107,-7,AGUA
-65,107,-8,AGUA
-65,107,-1,AGUA
-65,107,-2,AGUA
-65,107,-3,AGUA
-65,107,-4,AGUA
-65,110,-15,AGUA
-65,110,-14,AGUA
-65,110,-13,AGUA
-65,110,-12,AGUA
-65,110,-11,AGUA
-65,110,-10,AGUA
-80,79,-11,AGUA
-80,79,-10,AGUA
-80,101,-11,AGUA
-80,101,-10,AGUA
-80,19,-10,AGUA
-80,19,-11,AGUA
-80,80,-11,AGUA
-80,80,-10,AGUA
-80,170,-10,AGUA
-80,170,-11,AGUA
-80,43,-11,AGUA
-80,43,-10,AGUA
-65,109,-16,AGUA
-80,124,-11,AGUA
-80,124,-10,AGUA
-65,87,-5,AGUA
-65,87,-4,AGUA
-65,87,-7,AGUA
-65,87,-6,AGUA
-65,87,-1,AGUA
-65,87,-3,AGUA
-65,87,-2,AGUA
-65,87,-9,AGUA
-65,87,-8,AGUA
-65,99,-5,AGUA
-65,99,-6,AGUA
-65,99,-7,AGUA
-65,99,-8,AGUA
-65,99,-2,AGUA
-65,99,-3,AGUA
-65,99,-4,AGUA
-65,99,-9,AGUA
-80,3,-1,AGUA
-65,92,-11,AGUA
-65,92,-12,AGUA
-65,92,-10,AGUA
-65,92,-15,AGUA
-65,92,-13,AGUA
-65,92,-14,AGUA
-80,78,-10,AGUA
-80,78,-11,AGUA
-80,158,-10,AGUA
-80,158,-11,AGUA
-80,44,-11,AGUA
-80,44,-10,AGUA
-65,193,-1,AGUA
-65,193,-3,AGUA
-65,193,-2,AGUA
-65,193,-5,AGUA
-65,193,-4,AGUA
-65,193,-7,AGUA
-65,193,-6,AGUA
-65,193,-9,AGUA
-65,193,-8,AGUA
-65,181,-1,AGUA
-65,181,-2,AGUA
-65,181,-5,AGUA
-65,181,-6,AGUA
-65,181,-3,AGUA
-65,181,-4,AGUA
-65,181,-9,AGUA
-65,181,-7,AGUA
-65,181,-8,AGUA
-65,108,-12,AGUA
-65,108,-11,AGUA
-65,108,-10,AGUA
-65,108,-15,AGUA
-65,108,-14,AGUA
-65,108,-13,AGUA
-80,75,-1,AGUA
-80,99,-1,AGUA
-80,32,-10,AGUA
-80,32,-11,AGUA
-80,147,-10,AGUA
-80,147,-11,AGUA
-80,14,-1,AGUA
-80,14,-2,AGUA
-80,14,-7,AGUA
-80,14,-8,AGUA
-80,14,-9,AGUA
-80,14,-3,AGUA
-80,14,-4,AGUA
-80,14,-5,AGUA
-80,14,-6,AGUA
-80,91,-11,AGUA
-80,91,-10,AGUA
-80,38,-3,AGUA
-80,38,-4,AGUA
-80,38,-1,AGUA
-80,38,-2,AGUA
-80,38,-7,AGUA
-80,38,-8,AGUA
-80,38,-5,AGUA
-80,38,-6,AGUA
-80,38,-9,AGUA
-80,26,-3,AGUA
-80,26,-2,AGUA
-80,26,-7,AGUA
-80,26,-6,AGUA
-80,26,-5,AGUA
-80,26,-4,AGUA
-80,26,-9,AGUA
-80,26,-8,AGUA
-65,215,-10,AGUA
-65,215,-11,AGUA
-65,215,-16,AGUA
-65,215,-12,AGUA
-65,215,-13,AGUA
-65,215,-14,AGUA
-65,215,-15,AGUA
-80,8,-11,AGUA
-80,8,-10,AGUA
-65,203,-5,AGUA
-65,203,-4,AGUA
-65,203,-3,AGUA
-65,203,-2,AGUA
-65,203,-1,AGUA
-80,110,-4,AGUA
-80,110,-5,AGUA
-80,110,-2,AGUA
-80,110,-3,AGUA
-80,110,-8,AGUA
-80,110,-9,AGUA
-80,110,-6,AGUA
-80,110,-7,AGUA
-80,122,-2,AGUA
-80,122,-4,AGUA
-80,122,-3,AGUA
-80,122,-6,AGUA
-80,122,-5,AGUA
-80,122,-8,AGUA
-80,122,-7,AGUA
-80,122,-9,AGUA
-80,134,-2,AGUA
-80,134,-3,AGUA
-80,134,-4,AGUA
-80,134,-5,AGUA
-80,134,-6,AGUA
-80,134,-7,AGUA
-80,134,-8,AGUA
-80,134,-9,AGUA
-80,146,-9,AGUA
-80,146,-8,AGUA
-80,146,-7,AGUA
-80,146,-6,AGUA
-80,146,-5,AGUA
-80,146,-4,AGUA
-80,146,-3,AGUA
-80,146,-2,AGUA
-80,146,-1,AGUA
-80,158,-8,AGUA
-80,158,-9,AGUA
-80,158,-6,AGUA
-80,158,-7,AGUA
-80,158,-4,AGUA
-80,158,-5,AGUA
-80,158,-2,AGUA
-80,158,-3,AGUA
-80,158,-1,AGUA
-65,191,-13,AGUA
-65,191,-14,AGUA
-65,191,-15,AGUA
-65,191,-16,AGUA
-65,191,-10,AGUA
-65,191,-11,AGUA
-65,191,-12,AGUA
-65,203,-9,AGUA
-65,203,-8,AGUA
-65,203,-7,AGUA
-65,203,-6,AGUA
-65,215,-5,AGUA
-65,215,-6,AGUA
-65,215,-3,AGUA
-65,215,-4,AGUA
-65,215,-1,AGUA
-65,215,-2,AGUA
-80,171,-4,AGUA
-80,171,-3,AGUA
-80,171,-2,AGUA
-80,171,-1,AGUA
-80,171,-9,AGUA
-80,171,-8,AGUA
-80,171,-7,AGUA
-80,171,-6,AGUA
-80,171,-5,AGUA
-65,215,-9,AGUA
-65,215,-7,AGUA
-65,215,-8,AGUA
-80,112,-10,AGUA
-80,112,-11,AGUA
-65,102,-15,AGUA
-65,102,-14,AGUA
-65,102,-13,AGUA
-65,102,-12,AGUA
-65,102,-11,AGUA
-65,102,-10,AGUA
-80,117,-11,AGUA
-80,117,-10,AGUA
-65,185,-12,AGUA
-65,185,-13,AGUA
-65,185,-14,AGUA
-65,185,-15,AGUA
-65,185,-16,AGUA
-65,185,-10,AGUA
-65,185,-11,AGUA
-80,63,-10,AGUA
-80,63,-11,AGUA
-80,165,-11,AGUA
-80,165,-10,AGUA
-80,98,-11,AGUA
-80,98,-10,AGUA
-80,27,-11,AGUA
-80,27,-10,AGUA
-80,51,-10,AGUA
-80,51,-11,AGUA
-65,88,-6,AGUA
-65,88,-5,AGUA
-65,88,-8,AGUA
-65,88,-7,AGUA
-65,88,-2,AGUA
-65,88,-1,AGUA
-65,88,-4,AGUA
-65,88,-3,AGUA
-65,88,-9,AGUA
-80,141,-10,AGUA
-80,141,-11,AGUA
-80,75,-10,AGUA
-65,196,-1,AGUA
-80,8,-2,AGUA
-65,196,-2,AGUA
-80,8,-3,AGUA
-80,8,-4,AGUA
-80,75,-11,AGUA
-80,8,-5,AGUA
-65,196,-5,AGUA
-80,8,-6,AGUA
-65,196,-6,AGUA
-80,8,-7,AGUA
-65,196,-3,AGUA
-80,8,-8,AGUA
-65,196,-4,AGUA
-80,8,-9,AGUA
-65,196,-9,AGUA
-65,196,-7,AGUA
-65,196,-8,AGUA
-65,159,-9,AGUA
-65,159,-8,AGUA
-65,159,-7,AGUA
-65,159,-6,AGUA
-65,159,-1,AGUA
-65,159,-5,AGUA
-65,159,-4,AGUA
-65,159,-3,AGUA
-65,159,-2,AGUA
-65,184,-1,AGUA
-65,184,-5,AGUA
-65,184,-4,AGUA
-65,184,-3,AGUA
-65,184,-2,AGUA
-65,184,-9,AGUA
-65,184,-8,AGUA
-65,184,-7,AGUA
-65,184,-6,AGUA
-80,8,-1,AGUA
-80,108,-2,AGUA
-80,108,-1,AGUA
-80,108,-9,AGUA
-80,108,-8,AGUA
-80,108,-7,AGUA
-80,108,-6,AGUA
-80,108,-5,AGUA
-80,108,-4,AGUA
-80,108,-3,AGUA
-80,177,-10,AGUA
-80,177,-11,AGUA
-80,121,-1,AGUA
-80,133,-1,AGUA
-80,170,-2,AGUA
-80,170,-3,AGUA
-80,170,-1,AGUA
-80,170,-8,AGUA
-80,170,-9,AGUA
-80,170,-6,AGUA
-80,169,-6,AGUA
-80,170,-7,AGUA
-80,169,-7,AGUA
-80,169,-8,AGUA
-80,170,-4,AGUA
-80,169,-9,AGUA
-80,170,-5,AGUA
-80,169,-2,AGUA
-80,169,-3,AGUA
-80,169,-4,AGUA
-80,169,-5,AGUA
-80,169,-1,AGUA
-80,157,-9,AGUA
-80,157,-6,AGUA
-80,157,-5,AGUA
-80,157,-8,AGUA
-80,157,-7,AGUA
-80,157,-2,AGUA
-80,105,-10,AGUA
-80,157,-1,AGUA
-80,157,-4,AGUA
-80,157,-3,AGUA
-80,105,-11,AGUA
-65,111,-9,AGUA
-65,111,-8,AGUA
-65,111,-7,AGUA
-65,111,-6,AGUA
-65,111,-5,AGUA
-65,111,-4,AGUA
-65,111,-3,AGUA
-65,111,-2,AGUA
-65,111,-1,AGUA
-65,213,-14,AGUA
-65,213,-15,AGUA
-65,213,-16,AGUA
-65,213,-10,AGUA
-65,213,-11,AGUA
-65,213,-12,AGUA
-65,213,-13,AGUA
-65,161,-12,AGUA
-65,161,-13,AGUA
-65,161,-10,AGUA
-65,161,-11,AGUA
-65,161,-16,AGUA
-65,161,-14,AGUA
-65,161,-15,AGUA
-65,197,-10,AGUA
-65,197,-12,AGUA
-65,197,-11,AGUA
-65,197,-14,AGUA
-65,197,-13,AGUA
-65,197,-15,AGUA
-80,15,-10,AGUA
-80,15,-11,AGUA
-65,174,-16,AGUA
-80,74,-11,AGUA
-80,74,-10,AGUA
-80,6,-9,AGUA
-80,6,-8,AGUA
-80,6,-7,AGUA
-80,6,-6,AGUA
-80,6,-5,AGUA
-80,6,-4,AGUA
-80,6,-3,AGUA
-80,6,-2,AGUA
-80,6,-1,AGUA
-80,106,-7,AGUA
-80,106,-8,AGUA
-80,106,-5,AGUA
-80,106,-6,AGUA
-65,96,-11,AGUA
-80,106,-3,AGUA
-65,96,-12,AGUA
-80,106,-4,AGUA
-80,106,-1,AGUA
-65,96,-10,AGUA
-80,106,-2,AGUA
-80,106,-9,AGUA
-80,118,-7,AGUA
-80,118,-6,AGUA
-80,118,-9,AGUA
-80,118,-8,AGUA
-80,118,-3,AGUA
-80,118,-2,AGUA
-80,118,-5,AGUA
-80,118,-4,AGUA
-80,131,-1,AGUA
-80,155,-7,AGUA
-80,155,-8,AGUA
-80,155,-9,AGUA
-80,155,-3,AGUA
-80,155,-4,AGUA
-80,155,-5,AGUA
-80,155,-6,AGUA
-80,155,-1,AGUA
-80,155,-2,AGUA
-80,180,-7,AGUA
-80,180,-8,AGUA
-80,180,-9,AGUA
-80,180,-3,AGUA
-80,180,-4,AGUA
-80,180,-5,AGUA
-80,180,-6,AGUA
-80,180,-1,AGUA
-80,180,-2,AGUA
-80,179,-7,AGUA
-80,179,-8,AGUA
-80,179,-5,AGUA
-80,179,-6,AGUA
-80,179,-9,AGUA
-80,24,-4,AGUA
-80,24,-5,AGUA
-80,24,-2,AGUA
-80,24,-3,AGUA
-80,24,-8,AGUA
-80,179,-3,AGUA
-80,24,-9,AGUA
-80,179,-4,AGUA
-80,24,-6,AGUA
-80,179,-1,AGUA
-80,24,-7,AGUA
-80,179,-2,AGUA
-80,12,-9,AGUA
-80,167,-7,AGUA
-80,167,-6,AGUA
-80,167,-5,AGUA
-80,167,-4,AGUA
-80,167,-9,AGUA
-80,167,-8,AGUA
-65,96,-15,AGUA
-80,12,-4,AGUA
-65,96,-16,AGUA
-80,12,-3,AGUA
-65,96,-13,AGUA
-80,12,-2,AGUA
-65,96,-14,AGUA
-80,12,-1,AGUA
-80,12,-8,AGUA
-80,167,-3,AGUA
-80,12,-7,AGUA
-80,167,-2,AGUA
-80,12,-6,AGUA
-80,167,-1,AGUA
-80,12,-5,AGUA
-80,73,-1,AGUA
-80,36,-2,AGUA
-80,36,-1,AGUA
-80,36,-4,AGUA
-80,36,-3,AGUA
-80,36,-6,AGUA
-80,36,-5,AGUA
-80,36,-8,AGUA
-80,36,-7,AGUA
-80,36,-9,AGUA
-80,48,-2,AGUA
-80,48,-3,AGUA
-80,48,-4,AGUA
-80,48,-5,AGUA
-80,48,-6,AGUA
-80,48,-7,AGUA
-80,48,-8,AGUA
-80,48,-9,AGUA
-80,9,-11,AGUA
-80,9,-10,AGUA
-80,154,-10,AGUA
-80,154,-11,AGUA
-80,40,-10,AGUA
-80,40,-11,AGUA
-80,16,-10,AGUA
-80,16,-11,AGUA
-80,128,-10,AGUA
-80,128,-11,AGUA
-80,116,-10,AGUA
-80,116,-11,AGUA
-65,202,-16,AGUA
-65,206,-1,AGUA
-65,206,-2,AGUA
-65,206,-3,AGUA
-65,206,-4,AGUA
-65,206,-5,AGUA
-65,206,-6,AGUA
-65,206,-7,AGUA
-65,206,-8,AGUA
-65,206,-9,AGUA
-65,218,-1,AGUA
-65,218,-9,AGUA
-65,218,-8,AGUA
-65,218,-7,AGUA
-65,218,-6,AGUA
-65,218,-5,AGUA
-65,218,-4,AGUA
-65,218,-3,AGUA
-65,218,-2,AGUA
-65,91,-1,AGUA
-65,91,-2,AGUA
-65,91,-3,AGUA
-65,91,-4,AGUA
-65,91,-5,AGUA
-65,91,-6,AGUA
-65,91,-7,AGUA
-65,91,-8,AGUA
-65,91,-9,AGUA
-80,39,-11,AGUA
-80,39,-10,AGUA
-80,166,-11,AGUA
-80,166,-10,AGUA
-80,86,-10,AGUA
-80,86,-11,AGUA
-80,140,-11,AGUA
-80,140,-10,AGUA
-80,76,-11,AGUA
-80,76,-10,AGUA
-80,178,-10,AGUA
-80,178,-11,AGUA
-80,104,-10,AGUA
-80,104,-11,AGUA
-80,139,-11,AGUA
-80,139,-10,AGUA
-65,198,-16,AGUA
-80,10,-9,AGUA
-80,10,-7,AGUA
-80,10,-8,AGUA
-80,10,-1,AGUA
-80,10,-2,AGUA
-80,10,-5,AGUA
-80,10,-6,AGUA
-80,10,-3,AGUA
-80,10,-4,AGUA
-65,188,-7,AGUA
-65,188,-6,AGUA
-65,188,-9,AGUA
-65,188,-8,AGUA
-65,188,-3,AGUA
-65,188,-2,AGUA
-65,188,-5,AGUA
-65,188,-4,AGUA
-65,188,-1,AGUA
-65,200,-16,AGUA
-65,175,-14,AGUA
-65,175,-13,AGUA
-65,175,-12,AGUA
-65,175,-11,AGUA
-65,175,-15,AGUA
-65,175,-10,AGUA
-80,34,-9,AGUA
-80,34,-1,AGUA
-80,34,-2,AGUA
-80,34,-3,AGUA
-80,34,-4,AGUA
-80,34,-5,AGUA
-80,34,-6,AGUA
-80,34,-7,AGUA
-80,34,-8,AGUA
-80,58,-9,AGUA
-80,58,-7,AGUA
-80,58,-8,AGUA
-80,58,-5,AGUA
-80,58,-6,AGUA
-80,58,-3,AGUA
-80,58,-4,AGUA
-80,58,-1,AGUA
-80,58,-2,AGUA
-80,22,-3,AGUA
-80,22,-2,AGUA
-80,22,-5,AGUA
-80,22,-4,AGUA
-80,22,-7,AGUA
-80,22,-6,AGUA
-80,22,-9,AGUA
-80,22,-8,AGUA
-80,46,-9,AGUA
-80,46,-8,AGUA
-80,46,-7,AGUA
-80,46,-6,AGUA
-80,46,-5,AGUA
-80,46,-4,AGUA
-80,46,-3,AGUA
-80,46,-2,AGUA
-65,159,-15,AGUA
-65,159,-13,AGUA
-65,159,-14,AGUA
-65,159,-11,AGUA
-65,159,-12,AGUA
-65,159,-10,AGUA
-80,71,-1,AGUA
-80,28,-11,AGUA
-80,28,-10,AGUA
-65,211,-1,AGUA
-65,211,-2,AGUA
-65,223,-3,AGUA
-65,223,-2,AGUA
-65,223,-1,AGUA
-65,84,-11,AGUA
-65,84,-10,AGUA
-65,84,-13,AGUA
-65,84,-12,AGUA
-65,211,-7,AGUA
-65,211,-8,AGUA
-65,211,-9,AGUA
-65,211,-3,AGUA
-65,211,-4,AGUA
-65,211,-5,AGUA
-65,211,-6,AGUA
-65,84,-15,AGUA
-65,84,-14,AGUA
-80,52,-11,AGUA
-80,52,-10,AGUA
-80,88,-10,AGUA
-80,88,-11,AGUA
-65,223,-7,AGUA
-65,223,-6,AGUA
-65,223,-5,AGUA
-65,223,-4,AGUA
-65,223,-9,AGUA
-65,223,-8,AGUA
-80,127,-10,AGUA
-80,127,-11,AGUA
-80,155,-10,AGUA
-80,155,-11,AGUA
-65,198,-4,AGUA
-65,198,-3,AGUA
-65,198,-2,AGUA
-65,198,-1,AGUA
-65,198,-8,AGUA
-65,198,-7,AGUA
-65,198,-6,AGUA
-65,198,-5,AGUA
-65,198,-9,AGUA
-65,186,-4,AGUA
-65,186,-5,AGUA
-65,186,-6,AGUA
-65,186,-7,AGUA
-65,186,-1,AGUA
-65,186,-2,AGUA
-65,186,-3,AGUA
-65,186,-8,AGUA
-65,186,-9,AGUA
-65,199,-14,AGUA
-65,199,-13,AGUA
-65,199,-15,AGUA
-65,199,-10,AGUA
-65,199,-12,AGUA
-65,199,-11,AGUA
-65,187,-14,AGUA
-65,187,-15,AGUA
-65,187,-16,AGUA
-65,187,-10,AGUA
-65,187,-11,AGUA
-65,187,-12,AGUA
-65,187,-13,AGUA
-65,101,-4,AGUA
-65,101,-3,AGUA
-65,101,-6,AGUA
-65,101,-5,AGUA
-65,101,-8,AGUA
-65,101,-7,AGUA
-65,101,-9,AGUA
-65,101,-2,AGUA
-65,100,-12,AGUA
-65,100,-11,AGUA
-65,100,-10,AGUA
-65,100,-16,AGUA
-65,100,-15,AGUA
-65,100,-14,AGUA
-65,100,-13,AGUA
-65,201,-14,AGUA
-65,201,-13,AGUA
-65,201,-12,AGUA
-65,201,-11,AGUA
-65,201,-10,AGUA
-65,201,-15,AGUA
-65,83,-16,AGUA
-65,208,-4,AGUA
-65,208,-3,AGUA
-65,208,-6,AGUA
-65,208,-5,AGUA
-65,208,-8,AGUA
-65,208,-7,AGUA
-65,208,-9,AGUA
-65,208,-2,AGUA
-65,208,-1,AGUA
-80,53,-11,AGUA
-80,53,-10,AGUA
-65,93,-2,AGUA
-65,93,-4,AGUA
-65,93,-3,AGUA
-65,93,-6,AGUA
-65,93,-5,AGUA
-65,93,-8,AGUA
-65,93,-7,AGUA
-65,93,-9,AGUA
-80,167,-11,AGUA
-80,167,-10,AGUA
-65,221,-1,AGUA
-65,221,-4,AGUA
-65,221,-5,AGUA
-65,221,-2,AGUA
-65,221,-3,AGUA
-65,221,-8,AGUA
-65,221,-9,AGUA
-65,221,-6,AGUA
-65,221,-7,AGUA
-80,115,-11,AGUA
-80,115,-10,AGUA
-80,87,-10,AGUA
-80,87,-11,AGUA
-80,29,-11,AGUA
-80,29,-10,AGUA
-80,104,-4,AGUA
-80,104,-3,AGUA
-80,104,-6,AGUA
-80,104,-5,AGUA
-80,104,-2,AGUA
-80,104,-8,AGUA
-80,104,-7,AGUA
-80,104,-9,AGUA
-80,116,-4,AGUA
-80,116,-5,AGUA
-80,116,-6,AGUA
-80,116,-7,AGUA
-80,116,-2,AGUA
-80,116,-3,AGUA
-80,116,-8,AGUA
-80,116,-9,AGUA
-80,128,-4,AGUA
-80,128,-3,AGUA
-80,128,-2,AGUA
-80,128,-8,AGUA
-80,128,-7,AGUA
-80,128,-6,AGUA
-80,128,-5,AGUA
-80,128,-9,AGUA
-80,179,-10,AGUA
-80,179,-11,AGUA
-65,112,-12,AGUA
-65,112,-13,AGUA
-65,112,-14,AGUA
-65,112,-15,AGUA
-65,112,-10,AGUA
-65,112,-11,AGUA
-80,165,-4,AGUA
-80,165,-5,AGUA
-80,165,-2,AGUA
-80,165,-3,AGUA
-80,165,-8,AGUA
-80,165,-9,AGUA
-80,165,-6,AGUA
-80,165,-7,AGUA
-80,165,-1,AGUA
-80,153,-4,AGUA
-80,153,-3,AGUA
-80,153,-2,AGUA
-80,153,-1,AGUA
-80,153,-8,AGUA
-80,153,-7,AGUA
-80,153,-6,AGUA
-80,153,-5,AGUA
-80,153,-9,AGUA
-80,64,-11,AGUA
-80,64,-10,AGUA
-80,177,-4,AGUA
-80,177,-3,AGUA
-80,177,-6,AGUA
-80,177,-5,AGUA
-80,177,-8,AGUA
-80,177,-7,AGUA
-80,177,-9,AGUA
-80,177,-2,AGUA
-80,177,-1,AGUA
-80,99,-10,AGUA
-80,99,-11,AGUA
-80,103,-11,AGUA
-80,103,-10,AGUA
-65,224,-15,AGUA
-65,224,-14,AGUA
-65,224,-13,AGUA
-65,224,-12,AGUA
-65,224,-11,AGUA
-65,224,-10,AGUA
-80,20,-2,AGUA
-80,20,-3,AGUA
-80,20,-4,AGUA
-80,20,-5,AGUA
-80,20,-6,AGUA
-80,20,-7,AGUA
-80,20,-8,AGUA
-80,20,-9,AGUA
-80,19,-1,AGUA
-80,44,-8,AGUA
-80,44,-9,AGUA
-80,44,-6,AGUA
-80,44,-7,AGUA
-80,44,-4,AGUA
-80,44,-5,AGUA
-80,44,-2,AGUA
-80,44,-3,AGUA
-80,138,-10,AGUA
-80,32,-6,AGUA
-80,32,-5,AGUA
-80,32,-4,AGUA
-80,32,-3,AGUA
-80,32,-2,AGUA
-80,32,-1,AGUA
-80,32,-9,AGUA
-80,32,-8,AGUA
-80,138,-11,AGUA
-80,32,-7,AGUA
-80,41,-10,AGUA
-80,41,-11,AGUA
-80,17,-10,AGUA
-80,17,-11,AGUA
-80,144,-11,AGUA
-80,144,-10,AGUA
-80,0,-11,AGUA
-80,0,-10,AGUA
-80,24,-11,AGUA
-80,24,-10,AGUA
-80,81,-1,AGUA
-80,162,-11,AGUA
-80,162,-10,AGUA
-80,56,-6,AGUA
-80,56,-5,AGUA
-80,56,-8,AGUA
-80,56,-7,AGUA
-80,56,-2,AGUA
-80,56,-1,AGUA
-80,56,-4,AGUA
-80,56,-3,AGUA
-80,56,-9,AGUA
-80,68,-6,AGUA
-80,68,-7,AGUA
-80,68,-8,AGUA
-80,68,-9,AGUA
-80,68,-2,AGUA
-80,68,-3,AGUA
-80,68,-4,AGUA
-80,68,-5,AGUA
-80,108,-10,AGUA
-80,108,-11,AGUA
-80,36,-10,AGUA
-80,36,-11,AGUA
-80,72,-11,AGUA
-80,72,-10,AGUA
-80,84,-11,AGUA
-80,84,-10,AGUA
-80,12,-10,AGUA
-80,12,-11,AGUA
-80,59,-11,AGUA
-80,59,-10,AGUA
-65,202,-3,AGUA
-65,202,-4,AGUA
-65,202,-1,AGUA
-65,202,-2,AGUA
-65,202,-9,AGUA
-65,202,-7,AGUA
-65,202,-8,AGUA
-65,202,-5,AGUA
-65,202,-6,AGUA
-65,214,-7,AGUA
-65,214,-6,AGUA
-65,214,-9,AGUA
-65,214,-8,AGUA
-65,214,-3,AGUA
-65,214,-2,AGUA
-65,214,-5,AGUA
-65,214,-4,AGUA
-65,214,-1,AGUA
-80,132,-11,AGUA
-80,132,-10,AGUA
-65,171,-10,AGUA
-65,171,-14,AGUA
-65,171,-13,AGUA
-65,171,-12,AGUA
-65,171,-11,AGUA
-65,171,-15,AGUA
-80,174,-11,AGUA
-80,174,-10,AGUA
-80,47,-11,AGUA
-80,47,-10,AGUA
-65,88,-11,AGUA
-65,88,-10,AGUA
-65,88,-13,AGUA
-65,88,-12,AGUA
-65,88,-15,AGUA
-65,88,-14,AGUA
-65,88,-16,AGUA
-80,2,-9,AGUA
-80,2,-8,AGUA
-80,2,-5,AGUA
-80,2,-4,AGUA
-80,2,-7,AGUA
-80,2,-6,AGUA
-80,2,-3,AGUA
-80,2,-2,AGUA
-65,222,-15,AGUA
-65,222,-14,AGUA
-65,222,-13,AGUA
-65,222,-12,AGUA
-65,222,-11,AGUA
-65,222,-10,AGUA
-80,13,-10,AGUA
-80,13,-11,AGUA
-80,119,-11,AGUA
-80,119,-10,AGUA
-80,83,-10,AGUA
-80,83,-11,AGUA
-65,183,-14,AGUA
-65,183,-15,AGUA
-65,183,-16,AGUA
-65,200,-2,AGUA
-65,200,-1,AGUA
-65,183,-10,AGUA
-65,183,-11,AGUA
-65,183,-12,AGUA
-65,183,-13,AGUA
-65,200,-8,AGUA
-65,200,-7,AGUA
-65,200,-9,AGUA
-65,200,-4,AGUA
-65,200,-3,AGUA
-65,200,-6,AGUA
-65,200,-5,AGUA
-65,104,-15,AGUA
-65,104,-14,AGUA
-65,104,-13,AGUA
-65,104,-12,AGUA
-65,104,-11,AGUA
-65,104,-10,AGUA
-80,151,-10,AGUA
-80,151,-11,AGUA
-65,212,-8,AGUA
-65,212,-9,AGUA
-65,212,-4,AGUA
-65,212,-5,AGUA
-65,212,-6,AGUA
-65,212,-7,AGUA
-65,212,-1,AGUA
-65,212,-2,AGUA
-65,212,-3,AGUA
-65,224,-8,AGUA
-65,224,-7,AGUA
-65,224,-6,AGUA
-65,224,-5,AGUA
-65,224,-9,AGUA
-65,224,-4,AGUA
-65,224,-3,AGUA
-65,224,-2,AGUA
-65,224,-1,AGUA
-65,165,-8,AGUA
-65,165,-7,AGUA
-65,165,-6,AGUA
-65,165,-5,AGUA
-65,165,-4,AGUA
-65,165,-3,AGUA
-65,165,-2,AGUA
-65,165,-1,AGUA
-65,177,-1,AGUA
-65,165,-9,AGUA
-65,177,-8,AGUA
-65,177,-9,AGUA
-65,177,-6,AGUA
-65,177,-7,AGUA
-65,177,-4,AGUA
-65,177,-5,AGUA
-65,177,-2,AGUA
-65,177,-3,AGUA
-65,190,-9,AGUA
-65,190,-8,AGUA
-65,190,-7,AGUA
-65,190,-6,AGUA
-65,190,-5,AGUA
-65,190,-4,AGUA
-65,190,-3,AGUA
-65,190,-2,AGUA
-65,190,-1,AGUA
-65,189,-2,AGUA
-65,189,-1,AGUA
-65,189,-8,AGUA
-65,189,-7,AGUA
-65,189,-9,AGUA
-65,189,-4,AGUA
-65,189,-3,AGUA
-65,189,-6,AGUA
-65,189,-5,AGUA
-65,104,-8,AGUA
-65,104,-9,AGUA
-65,104,-6,AGUA
-65,104,-7,AGUA
-65,104,-4,AGUA
-65,104,-5,AGUA
-65,104,-2,AGUA
-65,104,-3,AGUA
-65,223,-15,AGUA
-65,223,-12,AGUA
-65,223,-11,AGUA
-65,223,-14,AGUA
-65,223,-13,AGUA
-65,223,-10,AGUA
-80,120,-11,AGUA
-80,30,-3,AGUA
-80,120,-10,AGUA
-80,30,-4,AGUA
-80,30,-2,AGUA
-80,30,-9,AGUA
-80,30,-7,AGUA
-80,30,-8,AGUA
-80,30,-5,AGUA
-80,30,-6,AGUA
-65,153,-8,AGUA
-65,153,-9,AGUA
-80,29,-1,AGUA
-65,153,-1,AGUA
-65,153,-2,AGUA
-65,153,-3,AGUA
-65,153,-4,AGUA
-65,153,-5,AGUA
-65,153,-6,AGUA
-65,153,-7,AGUA
-80,66,-9,AGUA
-80,66,-8,AGUA
-80,66,-3,AGUA
-80,66,-2,AGUA
-80,66,-7,AGUA
-80,66,-6,AGUA
-80,66,-5,AGUA
-80,66,-4,AGUA
-80,78,-3,AGUA
-80,78,-4,AGUA
-80,78,-2,AGUA
-80,78,-7,AGUA
-80,78,-8,AGUA
-80,78,-5,AGUA
-80,78,-6,AGUA
-80,42,-7,AGUA
-80,42,-6,AGUA
-80,42,-9,AGUA
-80,42,-8,AGUA
-80,42,-3,AGUA
-80,42,-2,AGUA
-80,42,-5,AGUA
-80,42,-4,AGUA
-80,78,-9,AGUA
-80,54,-3,AGUA
-80,54,-4,AGUA
-80,54,-5,AGUA
-80,54,-6,AGUA
-80,54,-1,AGUA
-80,54,-2,AGUA
-80,54,-7,AGUA
-80,54,-8,AGUA
-80,54,-9,AGUA
-80,25,-11,AGUA
-80,25,-10,AGUA
-65,96,-1,AGUA
-65,96,-4,AGUA
-65,96,-5,AGUA
-65,96,-2,AGUA
-65,96,-3,AGUA
-65,96,-8,AGUA
-65,96,-9,AGUA
-65,96,-6,AGUA
-65,96,-7,AGUA
-65,84,-4,AGUA
-65,84,-3,AGUA
-65,84,-2,AGUA
-65,84,-1,AGUA
-65,84,-8,AGUA
-65,84,-7,AGUA
-65,84,-6,AGUA
-65,84,-5,AGUA
-65,84,-9,AGUA
-80,0,-6,AGUA
-80,0,-7,AGUA
-80,0,-8,AGUA
-80,0,-9,AGUA
-80,0,-2,AGUA
-80,0,-3,AGUA
-80,0,-4,AGUA
-80,0,-5,AGUA
-80,143,-10,AGUA
-80,143,-11,AGUA
-80,1,-10,AGUA
-80,1,-11,AGUA
-80,95,-11,AGUA
-80,95,-10,AGUA
-65,211,-16,AGUA
-65,211,-12,AGUA
-65,211,-13,AGUA
-65,211,-14,AGUA
-65,211,-15,AGUA
-65,211,-10,AGUA
-65,211,-11,AGUA
-80,48,-10,AGUA
-80,48,-11,AGUA
-80,107,-11,AGUA
-80,107,-10,AGUA
-80,163,-10,AGUA
-80,163,-11,AGUA
-80,175,-10,AGUA
-80,175,-11,AGUA
-80,113,-1,AGUA
-80,125,-1,AGUA
-80,150,-1,AGUA
-80,150,-4,AGUA
-80,150,-5,AGUA
-80,150,-2,AGUA
-80,150,-3,AGUA
-80,150,-8,AGUA
-80,150,-9,AGUA
-80,150,-6,AGUA
-80,150,-7,AGUA
-80,60,-11,AGUA
-80,60,-10,AGUA
-80,174,-1,AGUA
-80,174,-2,AGUA
-80,174,-3,AGUA
-80,174,-4,AGUA
-80,174,-5,AGUA
-80,174,-6,AGUA
-80,174,-7,AGUA
-80,174,-8,AGUA
-80,174,-9,AGUA
-80,162,-8,AGUA
-80,162,-7,AGUA
-80,162,-9,AGUA
-80,162,-2,AGUA
-80,162,-1,AGUA
-80,162,-4,AGUA
-80,162,-3,AGUA
-80,162,-6,AGUA
-80,162,-5,AGUA
-65,195,-10,AGUA
-65,195,-12,AGUA
-65,195,-11,AGUA
-65,195,-14,AGUA
-65,195,-13,AGUA
-65,195,-15,AGUA
-65,163,-10,AGUA
-65,163,-11,AGUA
-65,163,-14,AGUA
-65,163,-15,AGUA
-65,163,-12,AGUA
-65,163,-13,AGUA
-65,163,-16,AGUA
-65,98,-10,AGUA
-65,194,-2,AGUA
-65,194,-1,AGUA
-65,194,-4,AGUA
-65,194,-3,AGUA
-65,194,-6,AGUA
-65,194,-5,AGUA
-65,194,-8,AGUA
-65,194,-7,AGUA
-65,194,-9,AGUA
-65,182,-2,AGUA
-65,182,-3,AGUA
-65,182,-1,AGUA
-65,182,-6,AGUA
-65,182,-7,AGUA
-65,182,-4,AGUA
-65,182,-5,AGUA
-65,182,-8,AGUA
-65,182,-9,AGUA
-65,98,-15,AGUA
-65,98,-13,AGUA
-65,98,-14,AGUA
-65,98,-11,AGUA
-65,98,-12,AGUA
-65,157,-6,AGUA
-65,157,-7,AGUA
-65,157,-4,AGUA
-65,157,-5,AGUA
-65,157,-8,AGUA
-65,157,-9,AGUA
-65,157,-2,AGUA
-65,157,-3,AGUA
-65,157,-1,AGUA
-80,49,-11,AGUA
-80,49,-10,AGUA
-65,169,-6,AGUA
-65,169,-5,AGUA
-65,169,-8,AGUA
-65,169,-7,AGUA
-65,169,-9,AGUA
-65,169,-2,AGUA
-65,169,-1,AGUA
-65,169,-4,AGUA
-65,169,-3,AGUA
-80,131,-10,AGUA
-80,131,-11,AGUA
-65,108,-1,AGUA
-80,111,-1,AGUA
-65,108,-6,AGUA
-65,108,-7,AGUA
-65,108,-8,AGUA
-65,108,-9,AGUA
-65,108,-2,AGUA
-65,108,-3,AGUA
-65,108,-4,AGUA
-65,108,-5,AGUA
-65,216,-8,AGUA
-65,216,-9,AGUA
-80,123,-1,AGUA
-65,216,-6,AGUA
-65,216,-7,AGUA
-65,216,-4,AGUA
-65,216,-5,AGUA
-65,216,-2,AGUA
-65,216,-3,AGUA
-65,216,-1,AGUA
-80,159,-9,AGUA
-80,159,-7,AGUA
-80,159,-8,AGUA
-80,159,-5,AGUA
-80,159,-6,AGUA
-80,159,-3,AGUA
-80,159,-4,AGUA
-80,159,-1,AGUA
-80,159,-2,AGUA
-80,160,-5,AGUA
-80,160,-6,AGUA
-80,160,-7,AGUA
-80,160,-8,AGUA
-80,160,-9,AGUA
-80,160,-1,AGUA
-80,160,-2,AGUA
-80,160,-3,AGUA
-80,160,-4,AGUA
-65,204,-6,AGUA
-65,204,-5,AGUA
-65,204,-4,AGUA
-65,204,-3,AGUA
-65,204,-2,AGUA
-65,204,-1,AGUA
-65,204,-9,AGUA
-65,204,-8,AGUA
-65,204,-7,AGUA
-80,172,-5,AGUA
-80,172,-4,AGUA
-80,172,-3,AGUA
-80,172,-2,AGUA
-80,172,-1,AGUA
-80,172,-9,AGUA
-80,172,-8,AGUA
-80,172,-7,AGUA
-80,172,-6,AGUA
-80,4,-8,AGUA
-80,4,-9,AGUA
-80,4,-6,AGUA
-80,4,-7,AGUA
-80,4,-4,AGUA
-80,4,-5,AGUA
-80,4,-2,AGUA
-80,4,-3,AGUA
-65,221,-10,AGUA
-65,221,-12,AGUA
-65,221,-11,AGUA
-65,221,-14,AGUA
-65,221,-13,AGUA
-65,221,-16,AGUA
-65,221,-15,AGUA
-80,14,-10,AGUA
-80,14,-11,AGUA
-80,85,-10,AGUA
-80,85,-11,AGUA
-80,118,-10,AGUA
-80,118,-11,AGUA
-80,152,-10,AGUA
-80,152,-11,AGUA
-80,62,-11,AGUA
-80,62,-10,AGUA
-80,52,-4,AGUA
-80,52,-3,AGUA
-80,52,-2,AGUA
-80,52,-1,AGUA
-80,52,-8,AGUA
-80,52,-7,AGUA
-80,52,-6,AGUA
-80,52,-5,AGUA
-80,52,-9,AGUA
-80,40,-8,AGUA
-80,40,-9,AGUA
-80,40,-4,AGUA
-80,40,-5,AGUA
-80,40,-6,AGUA
-80,40,-7,AGUA
-80,40,-2,AGUA
-80,40,-3,AGUA
-80,64,-8,AGUA
-80,64,-9,AGUA
-80,64,-6,AGUA
-80,64,-7,AGUA
-80,64,-4,AGUA
-80,64,-5,AGUA
-80,64,-2,AGUA
-80,64,-3,AGUA
-80,37,-11,AGUA
-80,37,-10,AGUA
-80,97,-11,AGUA
-80,97,-10,AGUA
-80,164,-11,AGUA
-80,164,-10,AGUA
-80,76,-2,AGUA
-80,76,-4,AGUA
-80,76,-3,AGUA
-80,76,-6,AGUA
-80,76,-5,AGUA
-80,76,-8,AGUA
-80,76,-7,AGUA
-80,76,-9,AGUA
-80,88,-8,AGUA
-80,88,-9,AGUA
-80,88,-2,AGUA
-80,88,-3,AGUA
-80,88,-4,AGUA
-80,88,-5,AGUA
-80,88,-6,AGUA
-80,88,-7,AGUA
-65,86,-3,AGUA
-65,86,-4,AGUA
-65,86,-5,AGUA
-65,86,-6,AGUA
-65,86,-1,AGUA
-65,86,-2,AGUA
-65,86,-7,AGUA
-65,86,-8,AGUA
-65,86,-9,AGUA
-65,98,-3,AGUA
-65,98,-2,AGUA
-65,98,-1,AGUA
-65,98,-7,AGUA
-65,98,-6,AGUA
-65,98,-5,AGUA
-65,98,-4,AGUA
-65,98,-9,AGUA
-65,98,-8,AGUA
-80,27,-1,AGUA
-80,2,-11,AGUA
-80,2,-10,AGUA
-80,142,-11,AGUA
-80,142,-10,AGUA
-80,176,-11,AGUA
-80,176,-10,AGUA
-80,106,-10,AGUA
-80,106,-11,AGUA
-80,61,-10,AGUA
-80,61,-11,AGUA
-80,38,-10,AGUA
-80,38,-11,AGUA
-80,96,-11,AGUA
-80,96,-10,AGUA
-65,103,-16,AGUA
-65,173,-15,AGUA
-65,173,-14,AGUA
-65,173,-13,AGUA
-65,173,-12,AGUA
-65,173,-11,AGUA
-65,173,-10,AGUA
-80,73,-10,AGUA
-80,73,-11,AGUA
-65,179,-3,AGUA
-65,179,-2,AGUA
-65,179,-1,AGUA
-65,179,-9,AGUA
-65,179,-8,AGUA
-65,179,-7,AGUA
-65,179,-6,AGUA
-65,179,-5,AGUA
-65,179,-4,AGUA
-80,130,-11,AGUA
-80,130,-10,AGUA
-65,192,-1,AGUA
-65,192,-2,AGUA
-65,192,-3,AGUA
-65,192,-4,AGUA
-65,192,-5,AGUA
-65,192,-6,AGUA
-65,192,-7,AGUA
-65,192,-8,AGUA
-65,192,-9,AGUA
-80,50,-11,AGUA
-80,50,-10,AGUA
-65,155,-3,AGUA
-65,155,-2,AGUA
-65,155,-5,AGUA
-65,155,-4,AGUA
-65,155,-7,AGUA
-65,155,-6,AGUA
-65,155,-9,AGUA
-65,155,-8,AGUA
-65,155,-1,AGUA
-65,167,-3,AGUA
-65,167,-4,AGUA
-65,167,-5,AGUA
-65,167,-6,AGUA
-65,167,-7,AGUA
-65,167,-8,AGUA
-65,167,-9,AGUA
-65,167,-1,AGUA
-65,167,-2,AGUA
-80,26,-10,AGUA
-80,26,-11,AGUA
-65,106,-9,AGUA
-65,106,-8,AGUA
-65,106,-3,AGUA
-65,106,-2,AGUA
-65,106,-7,AGUA
-65,106,-6,AGUA
-65,106,-5,AGUA
-65,106,-4,AGUA
-65,86,-16,AGUA
-65,86,-13,AGUA
-65,86,-12,AGUA
-65,86,-15,AGUA
-65,86,-14,AGUA
-65,86,-11,AGUA
-65,86,-10,AGUA
-80,153,-10,AGUA
-80,153,-11,AGUA
-80,129,-10,AGUA
-80,129,-11,AGUA
-65,209,-15,AGUA
-65,209,-10,AGUA
-65,209,-11,AGUA
-65,209,-12,AGUA
-65,209,-13,AGUA
-65,209,-14,AGUA
