20,396,-1,AGUA
27,273,-1,AGUA
27,261,-1,AGUA
26,2,-1,AGUA
17,407,-1,AGUA
18,210,-1,AGUA
24,408,-1,AGUA
26,15,-1,AGUA
27,248,-1,AGUA
18,222,-1,AGUA
26,410,-1,AGUA
25,235,-1,AGUA
20,335,-1,AGUA
18,234,-1,AGUA
26,409,-1,AGUA
21,149,-1,AGUA
25,223,-1,AGUA
31,409,-1,AGUA
19,408,-1,AGUA
20,347,-1,AGUA
18,246,-1,AGUA
26,27,-1,AGUA
31,410,-1,AGUA
27,297,-1,AGUA
22,98,-1,AGUA
21,125,-1,AGUA
20,359,-1,AGUA
18,271,-1,AGUA
18,258,-1,AGUA
26,39,-1,AGUA
27,285,-1,AGUA
21,137,-1,AGUA
25,211,-1,AGUA
26,40,-1,AGUA
29,250,-1,AGUA
29,274,-1,AGUA
29,249,-1,AGUA
29,91,-1,AGUA
22,5,-1,AGUA
29,262,-1,AGUA
27,212,-1,AGUA
29,333,-1,AGUA
27,236,-1,AGUA
29,345,-1,AGUA
27,200,-1,AGUA
18,209,-1,AGUA
29,286,-1,AGUA
29,357,-1,AGUA
29,298,-1,AGUA
27,224,-1,AGUA
29,369,-1,AGUA
17,361,-1,AGUA
17,10,-1,AGUA
20,406,-1,AGUA
29,370,-1,AGUA
17,34,-1,AGUA
27,307,-1,AGUA
17,373,-1,AGUA
29,17,-1,AGUA
31,92,-1,AGUA
29,30,-1,AGUA
16,282,-1,AGUA
18,95,-1,AGUA
29,42,-1,AGUA
29,29,-1,AGUA
17,397,-1,AGUA
27,319,-1,AGUA
18,5,-1,AGUA
25,115,-1,AGUA
29,394,-1,AGUA
27,320,-1,AGUA
23,102,-1,AGUA
16,294,-1,AGUA
17,22,-1,AGUA
27,344,-1,AGUA
30,247,-1,AGUA
27,190,-1,AGUA
30,259,-1,AGUA
27,332,-1,AGUA
31,302,-1,AGUA
29,201,-1,AGUA
25,127,-1,AGUA
31,314,-1,AGUA
27,368,-1,AGUA
29,213,-1,AGUA
29,237,-1,AGUA
25,139,-1,AGUA
30,223,-1,AGUA
30,235,-1,AGUA
27,356,-1,AGUA
31,326,-1,AGUA
19,107,-1,AGUA
29,225,-1,AGUA
16,208,-1,AGUA
19,120,-1,AGUA
18,295,-1,AGUA
19,119,-1,AGUA
23,187,-1,AGUA
16,2,-1,AGUA
18,283,-1,AGUA
23,199,-1,AGUA
23,163,-1,AGUA
30,211,-1,AGUA
16,233,-1,AGUA
25,331,-1,AGUA
21,113,-1,AGUA
19,144,-1,AGUA
18,22,-1,AGUA
22,407,-1,AGUA
21,101,-1,AGUA
17,95,-1,AGUA
19,132,-1,AGUA
18,10,-1,AGUA
23,175,-1,AGUA
27,393,-1,AGUA
25,367,-1,AGUA
23,126,-1,AGUA
23,37,-1,AGUA
20,203,-1,AGUA
22,290,-1,AGUA
20,215,-1,AGUA
16,269,-1,AGUA
23,114,-1,AGUA
19,181,-1,AGUA
19,168,-1,AGUA
22,289,-1,AGUA
19,193,-1,AGUA
16,270,-1,AGUA
16,245,-1,AGUA
19,156,-1,AGUA
22,37,-1,AGUA
18,34,-1,AGUA
23,151,-1,AGUA
20,239,-1,AGUA
17,118,-1,AGUA
25,343,-1,AGUA
22,13,-1,AGUA
23,138,-1,AGUA
17,106,-1,AGUA
16,257,-1,AGUA
20,227,-1,AGUA
31,399,-1,AGUA
23,13,-1,AGUA
25,355,-1,AGUA
22,241,-1,AGUA
28,303,-1,AGUA
21,37,-1,AGUA
17,143,-1,AGUA
17,155,-1,AGUA
22,253,-1,AGUA
30,343,-1,AGUA
22,277,-1,AGUA
22,204,-1,AGUA
20,11,-1,AGUA
30,331,-1,AGUA
22,265,-1,AGUA
17,131,-1,AGUA
31,292,-1,AGUA
19,10,-1,AGUA
31,279,-1,AGUA
27,27,-1,AGUA
17,192,-1,AGUA
31,267,-1,AGUA
24,291,-1,AGUA
27,15,-1,AGUA
17,180,-1,AGUA
22,216,-1,AGUA
17,167,-1,AGUA
31,243,-1,AGUA
17,179,-1,AGUA
22,228,-1,AGUA
27,40,-1,AGUA
27,39,-1,AGUA
28,29,-1,AGUA
23,98,-1,AGUA
24,229,-1,AGUA
28,17,-1,AGUA
28,30,-1,AGUA
23,403,-1,AGUA
24,217,-1,AGUA
26,292,-1,AGUA
26,280,-1,AGUA
29,3,-1,AGUA
26,279,-1,AGUA
28,42,-1,AGUA
24,205,-1,AGUA
21,269,-1,AGUA
18,114,-1,AGUA
18,102,-1,AGUA
21,402,-1,AGUA
21,257,-1,AGUA
28,91,-1,AGUA
30,355,-1,AGUA
18,138,-1,AGUA
18,126,-1,AGUA
30,367,-1,AGUA
19,252,-1,AGUA
28,293,-1,AGUA
18,163,-1,AGUA
26,218,-1,AGUA
18,403,-1,AGUA
19,264,-1,AGUA
23,295,-1,AGUA
21,9,-1,AGUA
18,175,-1,AGUA
21,221,-1,AGUA
20,107,-1,AGUA
19,227,-1,AGUA
28,268,-1,AGUA
21,245,-1,AGUA
30,31,-1,AGUA
19,288,-1,AGUA
18,151,-1,AGUA
21,233,-1,AGUA
19,215,-1,AGUA
20,119,-1,AGUA
28,281,-1,AGUA
19,276,-1,AGUA
30,43,-1,AGUA
22,194,-1,AGUA
17,202,-1,AGUA
26,206,-1,AGUA
23,258,-1,AGUA
17,214,-1,AGUA
29,321,-1,AGUA
22,169,-1,AGUA
20,193,-1,AGUA
22,170,-1,AGUA
16,125,-1,AGUA
19,203,-1,AGUA
26,267,-1,AGUA
22,182,-1,AGUA
17,226,-1,AGUA
26,255,-1,AGUA
22,145,-1,AGUA
23,283,-1,AGUA
16,101,-1,AGUA
18,199,-1,AGUA
26,231,-1,AGUA
25,39,-1,AGUA
29,308,-1,AGUA
23,271,-1,AGUA
18,187,-1,AGUA
22,157,-1,AGUA
26,243,-1,AGUA
17,238,-1,AGUA
19,1,-1,AGUA
25,15,-1,AGUA
16,186,-1,AGUA
16,174,-1,AGUA
25,27,-1,AGUA
28,219,-1,AGUA
25,259,-1,AGUA
23,234,-1,AGUA
16,162,-1,AGUA
16,149,-1,AGUA
25,247,-1,AGUA
28,207,-1,AGUA
16,402,-1,AGUA
23,246,-1,AGUA
20,23,-1,AGUA
20,181,-1,AGUA
28,232,-1,AGUA
28,313,-1,AGUA
28,256,-1,AGUA
28,220,-1,AGUA
20,35,-1,AGUA
28,325,-1,AGUA
28,337,-1,AGUA
23,222,-1,AGUA
27,9,-1,AGUA
19,239,-1,AGUA
23,210,-1,AGUA
28,349,-1,AGUA
23,209,-1,AGUA
19,240,-1,AGUA
28,244,-1,AGUA
22,287,-1,AGUA
19,195,-1,AGUA
29,164,-1,AGUA
27,42,-1,AGUA
28,350,-1,AGUA
28,362,-1,AGUA
29,152,-1,AGUA
27,30,-1,AGUA
24,109,-1,AGUA
27,29,-1,AGUA
23,307,-1,AGUA
22,275,-1,AGUA
29,139,-1,AGUA
19,171,-1,AGUA
22,299,-1,AGUA
29,140,-1,AGUA
19,183,-1,AGUA
23,344,-1,AGUA
22,226,-1,AGUA
23,332,-1,AGUA
28,398,-1,AGUA
22,238,-1,AGUA
16,355,-1,AGUA
23,319,-1,AGUA
22,251,-1,AGUA
27,17,-1,AGUA
29,188,-1,AGUA
22,263,-1,AGUA
16,367,-1,AGUA
31,184,-1,AGUA
29,176,-1,AGUA
23,320,-1,AGUA
30,394,-1,AGUA
18,100,-1,AGUA
17,263,-1,AGUA
17,287,-1,AGUA
17,251,-1,AGUA
24,183,-1,AGUA
18,124,-1,AGUA
30,369,-1,AGUA
23,368,-1,AGUA
25,125,-1,AGUA
22,214,-1,AGUA
24,195,-1,AGUA
23,356,-1,AGUA
31,159,-1,AGUA
25,137,-1,AGUA
18,112,-1,AGUA
17,275,-1,AGUA
17,346,-1,AGUA
31,147,-1,AGUA
30,333,-1,AGUA
24,335,-1,AGUA
30,321,-1,AGUA
27,91,-1,AGUA
18,161,-1,AGUA
18,136,-1,AGUA
17,358,-1,AGUA
24,347,-1,AGUA
22,202,-1,AGUA
24,311,-1,AGUA
25,113,-1,AGUA
17,371,-1,AGUA
17,299,-1,AGUA
24,171,-1,AGUA
21,400,-1,AGUA
30,357,-1,AGUA
25,101,-1,AGUA
24,323,-1,AGUA
23,393,-1,AGUA
18,148,-1,AGUA
30,345,-1,AGUA
21,412,-1,AGUA
19,217,-1,AGUA
24,396,-1,AGUA
26,241,-1,AGUA
23,261,-1,AGUA
30,41,-1,AGUA
26,253,-1,AGUA
18,197,-1,AGUA
19,230,-1,AGUA
19,205,-1,AGUA
23,273,-1,AGUA
26,216,-1,AGUA
23,297,-1,AGUA
18,173,-1,AGUA
19,242,-1,AGUA
24,359,-1,AGUA
23,285,-1,AGUA
19,254,-1,AGUA
23,224,-1,AGUA
26,228,-1,AGUA
18,185,-1,AGUA
19,266,-1,AGUA
19,278,-1,AGUA
26,290,-1,AGUA
17,334,-1,AGUA
28,112,-1,AGUA
28,124,-1,AGUA
26,289,-1,AGUA
23,236,-1,AGUA
17,322,-1,AGUA
22,180,-1,AGUA
26,277,-1,AGUA
19,291,-1,AGUA
17,310,-1,AGUA
21,7,-1,AGUA
22,179,-1,AGUA
23,248,-1,AGUA
22,192,-1,AGUA
18,401,-1,AGUA
17,309,-1,AGUA
28,100,-1,AGUA
26,265,-1,AGUA
27,405,-1,AGUA
20,321,-1,AGUA
28,161,-1,AGUA
31,196,-1,AGUA
20,333,-1,AGUA
16,10,-1,AGUA
28,197,-1,AGUA
17,7,-1,AGUA
28,136,-1,AGUA
28,148,-1,AGUA
20,345,-1,AGUA
31,412,-1,AGUA
16,22,-1,AGUA
25,37,-1,AGUA
27,299,-1,AGUA
20,357,-1,AGUA
23,212,-1,AGUA
29,103,-1,AGUA
16,95,-1,AGUA
25,13,-1,AGUA
29,127,-1,AGUA
23,200,-1,AGUA
28,408,-1,AGUA
28,185,-1,AGUA
26,204,-1,AGUA
19,229,-1,AGUA
29,115,-1,AGUA
28,173,-1,AGUA
16,306,-1,AGUA
26,37,-1,AGUA
29,404,-1,AGUA
24,406,-1,AGUA
21,13,-1,AGUA
26,13,-1,AGUA
25,221,-1,AGUA
17,405,-1,AGUA
26,170,-1,AGUA
26,169,-1,AGUA
26,98,-1,AGUA
25,269,-1,AGUA
20,369,-1,AGUA
26,182,-1,AGUA
18,354,-1,AGUA
25,257,-1,AGUA
21,159,-1,AGUA
18,342,-1,AGUA
26,302,-1,AGUA
25,245,-1,AGUA
26,314,-1,AGUA
18,19,-1,AGUA
25,233,-1,AGUA
20,394,-1,AGUA
26,194,-1,AGUA
18,330,-1,AGUA
22,155,-1,AGUA
29,296,-1,AGUA
27,141,-1,AGUA
30,404,-1,AGUA
22,143,-1,AGUA
18,329,-1,AGUA
26,338,-1,AGUA
21,353,-1,AGUA
27,128,-1,AGUA
21,365,-1,AGUA
22,167,-1,AGUA
29,93,-1,AGUA
22,131,-1,AGUA
26,326,-1,AGUA
18,317,-1,AGUA
27,177,-1,AGUA
27,104,-1,AGUA
29,272,-1,AGUA
26,351,-1,AGUA
18,305,-1,AGUA
29,284,-1,AGUA
27,189,-1,AGUA
27,116,-1,AGUA
29,20,-1,AGUA
23,1,-1,AGUA
19,398,-1,AGUA
22,106,-1,AGUA
29,19,-1,AGUA
29,32,-1,AGUA
26,399,-1,AGUA
26,363,-1,AGUA
27,165,-1,AGUA
27,153,-1,AGUA
29,44,-1,AGUA
21,341,-1,AGUA
22,118,-1,AGUA
23,23,-1,AGUA
18,3,-1,AGUA
16,272,-1,AGUA
31,304,-1,AGUA
24,27,-1,AGUA
23,11,-1,AGUA
16,284,-1,AGUA
17,395,-1,AGUA
24,39,-1,AGUA
16,259,-1,AGUA
16,260,-1,AGUA
24,15,-1,AGUA
29,211,-1,AGUA
25,149,-1,AGUA
27,309,-1,AGUA
29,235,-1,AGUA
22,312,-1,AGUA
22,324,-1,AGUA
29,223,-1,AGUA
20,291,-1,AGUA
23,96,-1,AGUA
27,310,-1,AGUA
28,15,-1,AGUA
28,40,-1,AGUA
28,39,-1,AGUA
29,260,-1,AGUA
19,362,-1,AGUA
27,322,-1,AGUA
19,97,-1,AGUA
28,27,-1,AGUA
22,300,-1,AGUA
19,350,-1,AGUA
28,7,-1,AGUA
29,259,-1,AGUA
29,247,-1,AGUA
27,334,-1,AGUA
18,44,-1,AGUA
19,349,-1,AGUA
21,123,-1,AGUA
22,373,-1,AGUA
27,358,-1,AGUA
19,337,-1,AGUA
21,135,-1,AGUA
20,229,-1,AGUA
18,32,-1,AGUA
27,346,-1,AGUA
19,36,-1,AGUA
26,108,-1,AGUA
21,111,-1,AGUA
20,217,-1,AGUA
18,20,-1,AGUA
21,147,-1,AGUA
19,313,-1,AGUA
26,145,-1,AGUA
22,348,-1,AGUA
22,397,-1,AGUA
30,139,-1,AGUA
26,157,-1,AGUA
27,371,-1,AGUA
18,366,-1,AGUA
30,127,-1,AGUA
19,325,-1,AGUA
22,336,-1,AGUA
31,365,-1,AGUA
30,115,-1,AGUA
16,223,-1,AGUA
17,116,-1,AGUA
30,103,-1,AGUA
16,211,-1,AGUA
20,404,-1,AGUA
25,402,-1,AGUA
17,104,-1,AGUA
19,301,-1,AGUA
17,141,-1,AGUA
18,93,-1,AGUA
28,305,-1,AGUA
16,247,-1,AGUA
19,12,-1,AGUA
26,133,-1,AGUA
27,395,-1,AGUA
16,235,-1,AGUA
22,361,-1,AGUA
20,205,-1,AGUA
23,35,-1,AGUA
26,121,-1,AGUA
16,4,-1,AGUA
17,128,-1,AGUA
24,293,-1,AGUA
23,364,-1,AGUA
28,93,-1,AGUA
31,180,-1,AGUA
31,155,-1,AGUA
22,218,-1,AGUA
20,21,-1,AGUA
23,352,-1,AGUA
17,279,-1,AGUA
23,340,-1,AGUA
22,231,-1,AGUA
23,339,-1,AGUA
20,33,-1,AGUA
17,280,-1,AGUA
28,317,-1,AGUA
22,243,-1,AGUA
28,329,-1,AGUA
20,45,-1,AGUA
17,292,-1,AGUA
21,39,-1,AGUA
31,131,-1,AGUA
28,215,-1,AGUA
28,330,-1,AGUA
28,342,-1,AGUA
29,402,-1,AGUA
28,203,-1,AGUA
31,118,-1,AGUA
28,354,-1,AGUA
28,366,-1,AGUA
28,239,-1,AGUA
28,227,-1,AGUA
24,281,-1,AGUA
22,206,-1,AGUA
29,5,-1,AGUA
19,281,-1,AGUA
20,103,-1,AGUA
18,352,-1,AGUA
18,340,-1,AGUA
17,206,-1,AGUA
27,118,-1,AGUA
20,115,-1,AGUA
27,106,-1,AGUA
18,339,-1,AGUA
28,20,-1,AGUA
17,218,-1,AGUA
19,293,-1,AGUA
18,327,-1,AGUA
28,19,-1,AGUA
28,44,-1,AGUA
18,303,-1,AGUA
17,243,-1,AGUA
27,155,-1,AGUA
18,315,-1,AGUA
17,231,-1,AGUA
27,143,-1,AGUA
30,406,-1,AGUA
28,32,-1,AGUA
21,351,-1,AGUA
21,363,-1,AGUA
24,207,-1,AGUA
24,219,-1,AGUA
17,267,-1,AGUA
27,131,-1,AGUA
17,255,-1,AGUA
17,326,-1,AGUA
28,132,-1,AGUA
21,255,-1,AGUA
22,184,-1,AGUA
17,314,-1,AGUA
28,144,-1,AGUA
16,17,-1,AGUA
22,196,-1,AGUA
17,302,-1,AGUA
21,243,-1,AGUA
16,29,-1,AGUA
19,99,-1,AGUA
22,159,-1,AGUA
28,9,-1,AGUA
23,411,-1,AGUA
28,119,-1,AGUA
22,160,-1,AGUA
21,279,-1,AGUA
28,120,-1,AGUA
22,172,-1,AGUA
21,267,-1,AGUA
19,364,-1,AGUA
19,352,-1,AGUA
23,293,-1,AGUA
22,123,-1,AGUA
26,106,-1,AGUA
28,181,-1,AGUA
19,340,-1,AGUA
23,281,-1,AGUA
22,111,-1,AGUA
28,168,-1,AGUA
21,231,-1,AGUA
24,197,-1,AGUA
31,41,-1,AGUA
29,331,-1,AGUA
16,30,-1,AGUA
19,327,-1,AGUA
22,147,-1,AGUA
30,396,-1,AGUA
19,339,-1,AGUA
22,135,-1,AGUA
28,156,-1,AGUA
16,42,-1,AGUA
28,401,-1,AGUA
19,303,-1,AGUA
16,140,-1,AGUA
26,155,-1,AGUA
29,318,-1,AGUA
31,28,-1,AGUA
18,364,-1,AGUA
30,129,-1,AGUA
23,244,-1,AGUA
22,338,-1,AGUA
23,256,-1,AGUA
26,167,-1,AGUA
16,404,-1,AGUA
23,220,-1,AGUA
30,117,-1,AGUA
23,219,-1,AGUA
29,306,-1,AGUA
22,326,-1,AGUA
19,14,-1,AGUA
26,131,-1,AGUA
19,315,-1,AGUA
22,302,-1,AGUA
22,363,-1,AGUA
30,105,-1,AGUA
16,115,-1,AGUA
23,268,-1,AGUA
26,180,-1,AGUA
19,38,-1,AGUA
23,207,-1,AGUA
26,192,-1,AGUA
26,179,-1,AGUA
19,26,-1,AGUA
22,314,-1,AGUA
16,127,-1,AGUA
26,118,-1,AGUA
28,193,-1,AGUA
16,188,-1,AGUA
16,176,-1,AGUA
22,351,-1,AGUA
26,143,-1,AGUA
23,232,-1,AGUA
16,164,-1,AGUA
26,309,-1,AGUA
18,220,-1,AGUA
25,335,-1,AGUA
27,226,-1,AGUA
20,349,-1,AGUA
25,347,-1,AGUA
29,198,-1,AGUA
27,238,-1,AGUA
25,323,-1,AGUA
27,214,-1,AGUA
19,411,-1,AGUA
29,186,-1,AGUA
26,310,-1,AGUA
18,232,-1,AGUA
18,207,-1,AGUA
25,359,-1,AGUA
18,256,-1,AGUA
29,174,-1,AGUA
20,313,-1,AGUA
18,244,-1,AGUA
26,334,-1,AGUA
29,162,-1,AGUA
20,301,-1,AGUA
26,322,-1,AGUA
18,281,-1,AGUA
27,287,-1,AGUA
25,396,-1,AGUA
26,358,-1,AGUA
27,275,-1,AGUA
16,321,-1,AGUA
26,346,-1,AGUA
18,268,-1,AGUA
25,201,-1,AGUA
26,371,-1,AGUA
22,399,-1,AGUA
20,325,-1,AGUA
23,5,-1,AGUA
16,333,-1,AGUA
27,251,-1,AGUA
20,337,-1,AGUA
18,293,-1,AGUA
16,345,-1,AGUA
27,263,-1,AGUA
24,321,-1,AGUA
16,369,-1,AGUA
24,161,-1,AGUA
16,357,-1,AGUA
24,333,-1,AGUA
29,343,-1,AGUA
24,185,-1,AGUA
24,173,-1,AGUA
26,395,-1,AGUA
29,355,-1,AGUA
29,367,-1,AGUA
30,191,-1,AGUA
17,409,-1,AGUA
20,398,-1,AGUA
24,369,-1,AGUA
17,410,-1,AGUA
28,107,-1,AGUA
24,345,-1,AGUA
27,202,-1,AGUA
17,338,-1,AGUA
18,219,-1,AGUA
24,357,-1,AGUA
25,117,-1,AGUA
25,129,-1,AGUA
29,39,-1,AGUA
31,397,-1,AGUA
25,105,-1,AGUA
31,373,-1,AGUA
29,40,-1,AGUA
17,32,-1,AGUA
30,237,-1,AGUA
17,351,-1,AGUA
17,363,-1,AGUA
24,394,-1,AGUA
17,44,-1,AGUA
25,406,-1,AGUA
30,249,-1,AGUA
30,201,-1,AGUA
30,213,-1,AGUA
31,324,-1,AGUA
27,167,-1,AGUA
27,407,-1,AGUA
27,179,-1,AGUA
30,225,-1,AGUA
27,180,-1,AGUA
29,15,-1,AGUA
17,20,-1,AGUA
31,348,-1,AGUA
17,19,-1,AGUA
20,408,-1,AGUA
27,192,-1,AGUA
29,27,-1,AGUA
17,399,-1,AGUA
17,5,-1,AGUA
23,40,-1,AGUA
24,11,-1,AGUA
23,27,-1,AGUA
29,113,-1,AGUA
23,39,-1,AGUA
19,109,-1,AGUA
26,405,-1,AGUA
23,15,-1,AGUA
29,101,-1,AGUA
19,110,-1,AGUA
19,134,-1,AGUA
20,249,-1,AGUA
26,11,-1,AGUA
26,4,-1,AGUA
16,308,-1,AGUA
29,149,-1,AGUA
23,315,-1,AGUA
22,409,-1,AGUA
19,122,-1,AGUA
26,35,-1,AGUA
21,27,-1,AGUA
20,237,-1,AGUA
23,327,-1,AGUA
29,150,-1,AGUA
17,93,-1,AGUA
21,15,-1,AGUA
29,125,-1,AGUA
24,23,-1,AGUA
19,158,-1,AGUA
25,191,-1,AGUA
19,146,-1,AGUA
22,410,-1,AGUA
23,303,-1,AGUA
29,137,-1,AGUA
26,23,-1,AGUA
24,35,-1,AGUA
18,266,-1,AGUA
17,108,-1,AGUA
19,401,-1,AGUA
18,254,-1,AGUA
30,193,-1,AGUA
20,201,-1,AGUA
17,121,-1,AGUA
27,216,-1,AGUA
18,291,-1,AGUA
20,225,-1,AGUA
25,357,-1,AGUA
23,3,-1,AGUA
25,369,-1,AGUA
26,300,-1,AGUA
18,278,-1,AGUA
20,213,-1,AGUA
28,301,-1,AGUA
27,204,-1,AGUA
22,353,-1,AGUA
18,29,-1,AGUA
17,157,-1,AGUA
27,241,-1,AGUA
18,205,-1,AGUA
26,324,-1,AGUA
22,365,-1,AGUA
17,169,-1,AGUA
27,253,-1,AGUA
27,228,-1,AGUA
26,312,-1,AGUA
18,17,-1,AGUA
26,348,-1,AGUA
30,119,-1,AGUA
31,290,-1,AGUA
18,42,-1,AGUA
17,133,-1,AGUA
31,277,-1,AGUA
30,107,-1,AGUA
25,394,-1,AGUA
29,341,-1,AGUA
26,96,-1,AGUA
17,145,-1,AGUA
26,336,-1,AGUA
18,30,-1,AGUA
26,373,-1,AGUA
29,353,-1,AGUA
29,365,-1,AGUA
22,108,-1,AGUA
17,194,-1,AGUA
31,300,-1,AGUA
17,182,-1,AGUA
22,133,-1,AGUA
17,170,-1,AGUA
26,361,-1,AGUA
22,121,-1,AGUA
31,312,-1,AGUA
31,241,-1,AGUA
18,217,-1,AGUA
18,229,-1,AGUA
24,404,-1,AGUA
18,230,-1,AGUA
26,397,-1,AGUA
30,181,-1,AGUA
18,242,-1,AGUA
16,237,-1,AGUA
27,170,-1,AGUA
25,404,-1,AGUA
30,227,-1,AGUA
22,412,-1,AGUA
30,239,-1,AGUA
30,203,-1,AGUA
27,182,-1,AGUA
27,157,-1,AGUA
22,400,-1,AGUA
17,91,-1,AGUA
16,225,-1,AGUA
29,221,-1,AGUA
27,145,-1,AGUA
29,245,-1,AGUA
27,194,-1,AGUA
16,6,-1,AGUA
24,37,-1,AGUA
29,233,-1,AGUA
16,249,-1,AGUA
30,215,-1,AGUA
27,133,-1,AGUA
17,42,-1,AGUA
20,117,-1,AGUA
16,286,-1,AGUA
29,282,-1,AGUA
29,269,-1,AGUA
29,294,-1,AGUA
20,129,-1,AGUA
29,257,-1,AGUA
16,262,-1,AGUA
17,29,-1,AGUA
17,204,-1,AGUA
17,30,-1,AGUA
20,105,-1,AGUA
27,300,-1,AGUA
27,169,-1,AGUA
29,270,-1,AGUA
17,216,-1,AGUA
28,229,-1,AGUA
21,169,-1,AGUA
25,249,-1,AGUA
27,312,-1,AGUA
18,91,-1,AGUA
25,237,-1,AGUA
28,217,-1,AGUA
27,324,-1,AGUA
21,29,-1,AGUA
27,348,-1,AGUA
25,213,-1,AGUA
21,145,-1,AGUA
28,242,-1,AGUA
27,336,-1,AGUA
21,157,-1,AGUA
21,17,-1,AGUA
26,6,-1,AGUA
28,230,-1,AGUA
25,225,-1,AGUA
24,13,-1,AGUA
27,373,-1,AGUA
28,278,-1,AGUA
18,1,-1,AGUA
27,361,-1,AGUA
28,291,-1,AGUA
21,133,-1,AGUA
19,100,-1,AGUA
27,397,-1,AGUA
28,254,-1,AGUA
19,124,-1,AGUA
16,213,-1,AGUA
20,191,-1,AGUA
19,112,-1,AGUA
28,266,-1,AGUA
21,121,-1,AGUA
29,208,-1,AGUA
28,315,-1,AGUA
23,329,-1,AGUA
20,43,-1,AGUA
28,327,-1,AGUA
19,136,-1,AGUA
19,148,-1,AGUA
28,339,-1,AGUA
19,173,-1,AGUA
23,330,-1,AGUA
24,271,-1,AGUA
24,283,-1,AGUA
27,32,-1,AGUA
28,340,-1,AGUA
22,40,-1,AGUA
23,305,-1,AGUA
22,39,-1,AGUA
27,19,-1,AGUA
19,161,-1,AGUA
24,295,-1,AGUA
28,352,-1,AGUA
27,20,-1,AGUA
23,317,-1,AGUA
31,182,-1,AGUA
16,406,-1,AGUA
23,366,-1,AGUA
28,364,-1,AGUA
28,205,-1,AGUA
23,354,-1,AGUA
18,110,-1,AGUA
19,185,-1,AGUA
23,342,-1,AGUA
19,197,-1,AGUA
20,31,-1,AGUA
18,109,-1,AGUA
26,407,-1,AGUA
18,134,-1,AGUA
18,146,-1,AGUA
30,347,-1,AGUA
21,410,-1,AGUA
17,228,-1,AGUA
18,122,-1,AGUA
30,335,-1,AGUA
18,158,-1,AGUA
27,93,-1,AGUA
17,17,-1,AGUA
17,253,-1,AGUA
30,21,-1,AGUA
17,241,-1,AGUA
30,359,-1,AGUA
25,103,-1,AGUA
17,289,-1,AGUA
18,195,-1,AGUA
17,290,-1,AGUA
17,277,-1,AGUA
18,183,-1,AGUA
21,91,-1,AGUA
27,44,-1,AGUA
31,169,-1,AGUA
24,209,-1,AGUA
30,33,-1,AGUA
17,265,-1,AGUA
31,157,-1,AGUA
30,323,-1,AGUA
30,311,-1,AGUA
30,45,-1,AGUA
17,348,-1,AGUA
29,7,-1,AGUA
18,171,-1,AGUA
22,7,-1,AGUA
26,287,-1,AGUA
23,100,-1,AGUA
28,109,-1,AGUA
26,275,-1,AGUA
21,277,-1,AGUA
23,112,-1,AGUA
17,336,-1,AGUA
28,110,-1,AGUA
23,136,-1,AGUA
17,324,-1,AGUA
26,263,-1,AGUA
21,289,-1,AGUA
23,124,-1,AGUA
17,312,-1,AGUA
26,251,-1,AGUA
21,241,-1,AGUA
23,401,-1,AGUA
17,300,-1,AGUA
24,175,-1,AGUA
19,232,-1,AGUA
28,158,-1,AGUA
24,199,-1,AGUA
18,411,-1,AGUA
24,163,-1,AGUA
28,146,-1,AGUA
19,244,-1,AGUA
28,122,-1,AGUA
19,256,-1,AGUA
21,265,-1,AGUA
28,134,-1,AGUA
21,253,-1,AGUA
19,268,-1,AGUA
26,299,-1,AGUA
16,19,-1,AGUA
24,187,-1,AGUA
24,1,-1,AGUA
16,117,-1,AGUA
27,289,-1,AGUA
16,129,-1,AGUA
22,292,-1,AGUA
27,290,-1,AGUA
28,183,-1,AGUA
27,277,-1,AGUA
29,328,-1,AGUA
23,197,-1,AGUA
28,411,-1,AGUA
28,171,-1,AGUA
27,265,-1,AGUA
20,323,-1,AGUA
29,316,-1,AGUA
25,321,-1,AGUA
22,15,-1,AGUA
19,220,-1,AGUA
23,161,-1,AGUA
26,226,-1,AGUA
22,27,-1,AGUA
25,35,-1,AGUA
23,173,-1,AGUA
22,267,-1,AGUA
29,304,-1,AGUA
16,166,-1,AGUA
19,8,-1,AGUA
19,219,-1,AGUA
23,148,-1,AGUA
22,255,-1,AGUA
26,238,-1,AGUA
16,154,-1,AGUA
25,345,-1,AGUA
20,311,-1,AGUA
26,202,-1,AGUA
23,185,-1,AGUA
25,11,-1,AGUA
19,207,-1,AGUA
22,280,-1,AGUA
28,195,-1,AGUA
26,214,-1,AGUA
25,23,-1,AGUA
16,93,-1,AGUA
25,333,-1,AGUA
22,279,-1,AGUA
26,103,-1,AGUA
25,21,-1,AGUA
19,102,-1,AGUA
27,146,-1,AGUA
25,301,-1,AGUA
19,126,-1,AGUA
27,134,-1,AGUA
27,171,-1,AGUA
25,33,-1,AGUA
19,114,-1,AGUA
27,122,-1,AGUA
25,325,-1,AGUA
26,140,-1,AGUA
27,183,-1,AGUA
27,110,-1,AGUA
18,107,-1,AGUA
27,195,-1,AGUA
26,152,-1,AGUA
19,138,-1,AGUA
29,196,-1,AGUA
25,313,-1,AGUA
18,120,-1,AGUA
19,163,-1,AGUA
19,175,-1,AGUA
19,151,-1,AGUA
22,295,-1,AGUA
25,337,-1,AGUA
18,119,-1,AGUA
26,139,-1,AGUA
19,187,-1,AGUA
17,342,-1,AGUA
18,144,-1,AGUA
26,127,-1,AGUA
17,354,-1,AGUA
18,132,-1,AGUA
26,115,-1,AGUA
25,349,-1,AGUA
27,158,-1,AGUA
24,367,-1,AGUA
22,258,-1,AGUA
30,291,-1,AGUA
21,203,-1,AGUA
17,27,-1,AGUA
30,301,-1,AGUA
17,366,-1,AGUA
17,39,-1,AGUA
31,127,-1,AGUA
24,355,-1,AGUA
22,246,-1,AGUA
25,398,-1,AGUA
17,40,-1,AGUA
17,15,-1,AGUA
21,215,-1,AGUA
16,106,-1,AGUA
28,308,-1,AGUA
30,313,-1,AGUA
18,181,-1,AGUA
21,239,-1,AGUA
24,151,-1,AGUA
23,107,-1,AGUA
22,283,-1,AGUA
19,199,-1,AGUA
24,331,-1,AGUA
30,337,-1,AGUA
18,156,-1,AGUA
21,227,-1,AGUA
30,325,-1,AGUA
31,103,-1,AGUA
23,119,-1,AGUA
22,209,-1,AGUA
24,343,-1,AGUA
22,271,-1,AGUA
18,168,-1,AGUA
22,329,-1,AGUA
16,131,-1,AGUA
27,22,-1,AGUA
26,164,-1,AGUA
22,330,-1,AGUA
22,317,-1,AGUA
26,176,-1,AGUA
22,210,-1,AGUA
16,143,-1,AGUA
16,118,-1,AGUA
26,188,-1,AGUA
22,222,-1,AGUA
30,217,-1,AGUA
27,34,-1,AGUA
18,193,-1,AGUA
22,305,-1,AGUA
22,234,-1,AGUA
30,229,-1,AGUA
21,335,-1,AGUA
21,347,-1,AGUA
21,323,-1,AGUA
25,291,-1,AGUA
16,180,-1,AGUA
16,179,-1,AGUA
21,359,-1,AGUA
22,354,-1,AGUA
16,167,-1,AGUA
21,311,-1,AGUA
16,407,-1,AGUA
16,155,-1,AGUA
22,342,-1,AGUA
28,404,-1,AGUA
31,164,-1,AGUA
31,140,-1,AGUA
25,408,-1,AGUA
22,366,-1,AGUA
19,234,-1,AGUA
17,3,-1,AGUA
16,192,-1,AGUA
21,3,-1,AGUA
29,135,-1,AGUA
28,298,-1,AGUA
29,147,-1,AGUA
19,222,-1,AGUA
29,111,-1,AGUA
19,210,-1,AGUA
28,274,-1,AGUA
17,330,-1,AGUA
19,209,-1,AGUA
29,123,-1,AGUA
17,329,-1,AGUA
28,286,-1,AGUA
21,396,-1,AGUA
17,317,-1,AGUA
16,14,-1,AGUA
29,184,-1,AGUA
25,217,-1,AGUA
29,172,-1,AGUA
17,305,-1,AGUA
31,188,-1,AGUA
31,404,-1,AGUA
27,109,-1,AGUA
25,229,-1,AGUA
29,159,-1,AGUA
25,45,-1,AGUA
28,1,-1,AGUA
25,205,-1,AGUA
29,160,-1,AGUA
22,401,-1,AGUA
22,126,-1,AGUA
23,203,-1,AGUA
28,201,-1,AGUA
16,397,-1,AGUA
22,114,-1,AGUA
23,239,-1,AGUA
30,408,-1,AGUA
28,225,-1,AGUA
23,240,-1,AGUA
23,252,-1,AGUA
22,138,-1,AGUA
29,97,-1,AGUA
28,213,-1,AGUA
23,362,-1,AGUA
28,250,-1,AGUA
22,44,-1,AGUA
28,249,-1,AGUA
22,32,-1,AGUA
28,237,-1,AGUA
28,262,-1,AGUA
29,400,-1,AGUA
22,102,-1,AGUA
22,20,-1,AGUA
23,227,-1,AGUA
16,312,-1,AGUA
23,398,-1,AGUA
22,19,-1,AGUA
23,215,-1,AGUA
29,412,-1,AGUA
26,7,-1,AGUA
16,300,-1,AGUA
19,246,-1,AGUA
22,93,-1,AGUA
18,408,-1,AGUA
27,278,-1,AGUA
19,258,-1,AGUA
27,254,-1,AGUA
24,93,-1,AGUA
24,402,-1,AGUA
23,8,-1,AGUA
22,199,-1,AGUA
27,266,-1,AGUA
18,350,-1,AGUA
29,36,-1,AGUA
30,37,-1,AGUA
19,271,-1,AGUA
18,349,-1,AGUA
19,295,-1,AGUA
26,318,-1,AGUA
22,175,-1,AGUA
26,306,-1,AGUA
19,283,-1,AGUA
18,337,-1,AGUA
22,187,-1,AGUA
22,151,-1,AGUA
27,411,-1,AGUA
20,283,-1,AGUA
26,331,-1,AGUA
18,301,-1,AGUA
18,325,-1,AGUA
30,13,-1,AGUA
20,295,-1,AGUA
27,291,-1,AGUA
22,163,-1,AGUA
18,313,-1,AGUA
16,8,-1,AGUA
26,367,-1,AGUA
28,178,-1,AGUA
23,193,-1,AGUA
28,35,-1,AGUA
19,366,-1,AGUA
29,255,-1,AGUA
26,355,-1,AGUA
28,191,-1,AGUA
28,166,-1,AGUA
29,279,-1,AGUA
28,23,-1,AGUA
19,354,-1,AGUA
29,243,-1,AGUA
20,271,-1,AGUA
26,343,-1,AGUA
23,168,-1,AGUA
29,280,-1,AGUA
20,7,-1,AGUA
19,342,-1,AGUA
30,398,-1,AGUA
28,154,-1,AGUA
19,330,-1,AGUA
28,142,-1,AGUA
23,181,-1,AGUA
29,267,-1,AGUA
27,229,-1,AGUA
28,96,-1,AGUA
23,132,-1,AGUA
19,28,-1,AGUA
24,19,-1,AGUA
23,43,-1,AGUA
27,230,-1,AGUA
19,317,-1,AGUA
19,16,-1,AGUA
23,120,-1,AGUA
27,217,-1,AGUA
23,31,-1,AGUA
20,209,-1,AGUA
27,205,-1,AGUA
18,362,-1,AGUA
19,329,-1,AGUA
30,349,-1,AGUA
27,242,-1,AGUA
23,156,-1,AGUA
23,18,-1,AGUA
29,292,-1,AGUA
17,112,-1,AGUA
19,41,-1,AGUA
19,305,-1,AGUA
27,95,-1,AGUA
23,144,-1,AGUA
17,100,-1,AGUA
21,31,-1,AGUA
18,398,-1,AGUA
17,148,-1,AGUA
17,401,-1,AGUA
21,43,-1,AGUA
17,161,-1,AGUA
16,324,-1,AGUA
31,369,-1,AGUA
17,124,-1,AGUA
16,336,-1,AGUA
17,136,-1,AGUA
31,26,-1,AGUA
16,361,-1,AGUA
24,273,-1,AGUA
29,206,-1,AGUA
17,197,-1,AGUA
24,285,-1,AGUA
29,218,-1,AGUA
29,231,-1,AGUA
24,297,-1,AGUA
23,408,-1,AGUA
17,185,-1,AGUA
23,92,-1,AGUA
17,173,-1,AGUA
28,11,-1,AGUA
19,6,-1,AGUA
22,161,-1,AGUA
22,30,-1,AGUA
31,201,-1,AGUA
21,117,-1,AGUA
20,303,-1,AGUA
21,129,-1,AGUA
21,105,-1,AGUA
20,327,-1,AGUA
22,148,-1,AGUA
19,297,-1,AGUA
22,29,-1,AGUA
22,173,-1,AGUA
20,339,-1,AGUA
22,17,-1,AGUA
16,16,-1,AGUA
24,261,-1,AGUA
16,204,-1,AGUA
20,187,-1,AGUA
23,217,-1,AGUA
20,175,-1,AGUA
22,112,-1,AGUA
20,163,-1,AGUA
22,403,-1,AGUA
24,95,-1,AGUA
23,205,-1,AGUA
16,228,-1,AGUA
22,100,-1,AGUA
20,41,-1,AGUA
22,136,-1,AGUA
20,151,-1,AGUA
16,253,-1,AGUA
19,224,-1,AGUA
22,124,-1,AGUA
19,212,-1,AGUA
22,42,-1,AGUA
26,9,-1,AGUA
20,315,-1,AGUA
30,23,-1,AGUA
30,35,-1,AGUA
26,20,-1,AGUA
26,19,-1,AGUA
26,32,-1,AGUA
27,244,-1,AGUA
27,256,-1,AGUA
30,11,-1,AGUA
27,220,-1,AGUA
26,44,-1,AGUA
19,236,-1,AGUA
19,248,-1,AGUA
21,191,-1,AGUA
27,232,-1,AGUA
27,303,-1,AGUA
27,315,-1,AGUA
22,91,-1,AGUA
28,129,-1,AGUA
27,293,-1,AGUA
18,406,-1,AGUA
19,92,-1,AGUA
27,281,-1,AGUA
20,199,-1,AGUA
28,130,-1,AGUA
27,327,-1,AGUA
19,261,-1,AGUA
27,340,-1,AGUA
18,359,-1,AGUA
22,197,-1,AGUA
19,285,-1,AGUA
27,268,-1,AGUA
19,273,-1,AGUA
22,185,-1,AGUA
28,105,-1,AGUA
18,347,-1,AGUA
18,335,-1,AGUA
27,339,-1,AGUA
28,117,-1,AGUA
26,308,-1,AGUA
17,281,-1,AGUA
26,321,-1,AGUA
19,43,-1,AGUA
23,146,-1,AGUA
18,26,-1,AGUA
27,364,-1,AGUA
19,320,-1,AGUA
24,189,-1,AGUA
28,94,-1,AGUA
20,5,-1,AGUA
17,293,-1,AGUA
17,268,-1,AGUA
23,134,-1,AGUA
27,352,-1,AGUA
18,14,-1,AGUA
24,177,-1,AGUA
23,171,-1,AGUA
19,332,-1,AGUA
19,31,-1,AGUA
19,307,-1,AGUA
26,345,-1,AGUA
18,360,-1,AGUA
26,93,-1,AGUA
26,333,-1,AGUA
23,158,-1,AGUA
18,38,-1,AGUA
18,372,-1,AGUA
19,319,-1,AGUA
27,97,-1,AGUA
30,327,-1,AGUA
28,318,-1,AGUA
18,99,-1,AGUA
30,315,-1,AGUA
23,109,-1,AGUA
18,396,-1,AGUA
26,394,-1,AGUA
25,119,-1,AGUA
24,141,-1,AGUA
26,357,-1,AGUA
25,107,-1,AGUA
23,122,-1,AGUA
27,219,-1,AGUA
24,165,-1,AGUA
28,331,-1,AGUA
23,110,-1,AGUA
24,153,-1,AGUA
26,369,-1,AGUA
30,339,-1,AGUA
27,207,-1,AGUA
23,6,-1,AGUA
28,343,-1,AGUA
26,370,-1,AGUA
19,18,-1,AGUA
16,289,-1,AGUA
25,193,-1,AGUA
28,367,-1,AGUA
23,301,-1,AGUA
28,355,-1,AGUA
25,181,-1,AGUA
23,313,-1,AGUA
17,207,-1,AGUA
16,265,-1,AGUA
17,219,-1,AGUA
31,286,-1,AGUA
16,277,-1,AGUA
28,21,-1,AGUA
17,220,-1,AGUA
23,350,-1,AGUA
17,232,-1,AGUA
29,326,-1,AGUA
23,349,-1,AGUA
31,237,-1,AGUA
17,256,-1,AGUA
23,325,-1,AGUA
29,302,-1,AGUA
29,314,-1,AGUA
28,45,-1,AGUA
25,311,-1,AGUA
23,183,-1,AGUA
23,195,-1,AGUA
31,250,-1,AGUA
28,33,-1,AGUA
23,337,-1,AGUA
17,244,-1,AGUA
17,303,-1,AGUA
18,288,-1,AGUA
30,171,-1,AGUA
30,195,-1,AGUA
30,183,-1,AGUA
17,340,-1,AGUA
26,296,-1,AGUA
29,338,-1,AGUA
30,109,-1,AGUA
17,352,-1,AGUA
24,341,-1,AGUA
17,364,-1,AGUA
29,351,-1,AGUA
24,353,-1,AGUA
29,363,-1,AGUA
18,203,-1,AGUA
21,406,-1,AGUA
26,235,-1,AGUA
21,249,-1,AGUA
29,399,-1,AGUA
21,237,-1,AGUA
18,215,-1,AGUA
26,247,-1,AGUA
18,227,-1,AGUA
26,211,-1,AGUA
24,365,-1,AGUA
26,404,-1,AGUA
18,239,-1,AGUA
26,223,-1,AGUA
18,252,-1,AGUA
16,108,-1,AGUA
26,284,-1,AGUA
18,240,-1,AGUA
21,201,-1,AGUA
26,272,-1,AGUA
19,403,-1,AGUA
19,368,-1,AGUA
19,356,-1,AGUA
18,276,-1,AGUA
26,260,-1,AGUA
21,213,-1,AGUA
19,344,-1,AGUA
18,264,-1,AGUA
26,259,-1,AGUA
21,225,-1,AGUA
18,323,-1,AGUA
18,311,-1,AGUA
31,166,-1,AGUA
16,409,-1,AGUA
30,205,-1,AGUA
16,121,-1,AGUA
16,194,-1,AGUA
17,1,-1,AGUA
31,142,-1,AGUA
27,5,-1,AGUA
16,133,-1,AGUA
29,121,-1,AGUA
19,393,-1,AGUA
29,108,-1,AGUA
31,129,-1,AGUA
29,133,-1,AGUA
31,105,-1,AGUA
16,182,-1,AGUA
28,402,-1,AGUA
16,169,-1,AGUA
24,400,-1,AGUA
29,170,-1,AGUA
28,264,-1,AGUA
23,278,-1,AGUA
25,203,-1,AGUA
29,410,-1,AGUA
28,276,-1,AGUA
29,169,-1,AGUA
25,215,-1,AGUA
28,240,-1,AGUA
29,145,-1,AGUA
28,252,-1,AGUA
23,291,-1,AGUA
29,157,-1,AGUA
29,409,-1,AGUA
23,229,-1,AGUA
23,230,-1,AGUA
17,339,-1,AGUA
23,242,-1,AGUA
25,239,-1,AGUA
23,254,-1,AGUA
29,99,-1,AGUA
29,194,-1,AGUA
16,410,-1,AGUA
17,327,-1,AGUA
28,288,-1,AGUA
25,227,-1,AGUA
17,315,-1,AGUA
29,182,-1,AGUA
23,266,-1,AGUA
23,249,-1,AGUA
29,312,-1,AGUA
21,404,-1,AGUA
23,250,-1,AGUA
17,189,-1,AGUA
29,336,-1,AGUA
23,262,-1,AGUA
16,363,-1,AGUA
29,300,-1,AGUA
16,97,-1,AGUA
29,348,-1,AGUA
17,177,-1,AGUA
23,225,-1,AGUA
17,153,-1,AGUA
23,274,-1,AGUA
23,286,-1,AGUA
30,27,-1,AGUA
16,399,-1,AGUA
23,213,-1,AGUA
22,116,-1,AGUA
30,161,-1,AGUA
29,361,-1,AGUA
23,201,-1,AGUA
17,165,-1,AGUA
22,104,-1,AGUA
31,269,-1,AGUA
30,15,-1,AGUA
31,233,-1,AGUA
25,161,-1,AGUA
16,314,-1,AGUA
29,373,-1,AGUA
25,173,-1,AGUA
22,10,-1,AGUA
30,173,-1,AGUA
28,101,-1,AGUA
16,302,-1,AGUA
31,245,-1,AGUA
30,185,-1,AGUA
25,197,-1,AGUA
30,39,-1,AGUA
23,237,-1,AGUA
30,197,-1,AGUA
18,8,-1,AGUA
17,190,-1,AGUA
25,185,-1,AGUA
29,397,-1,AGUA
28,149,-1,AGUA
26,270,-1,AGUA
28,137,-1,AGUA
24,412,-1,AGUA
18,237,-1,AGUA
28,150,-1,AGUA
22,189,-1,AGUA
26,304,-1,AGUA
18,249,-1,AGUA
22,190,-1,AGUA
26,269,-1,AGUA
20,319,-1,AGUA
18,262,-1,AGUA
22,95,-1,AGUA
22,34,-1,AGUA
26,328,-1,AGUA
26,245,-1,AGUA
19,371,-1,AGUA
22,165,-1,AGUA
28,113,-1,AGUA
26,257,-1,AGUA
20,307,-1,AGUA
18,250,-1,AGUA
26,316,-1,AGUA
22,177,-1,AGUA
28,198,-1,AGUA
28,125,-1,AGUA
22,22,-1,AGUA
27,401,-1,AGUA
26,341,-1,AGUA
19,358,-1,AGUA
18,286,-1,AGUA
19,334,-1,AGUA
22,153,-1,AGUA
22,128,-1,AGUA
26,365,-1,AGUA
18,274,-1,AGUA
28,186,-1,AGUA
19,346,-1,AGUA
28,174,-1,AGUA
19,310,-1,AGUA
26,294,-1,AGUA
19,405,-1,AGUA
24,91,-1,AGUA
26,282,-1,AGUA
19,322,-1,AGUA
22,141,-1,AGUA
28,162,-1,AGUA
18,369,-1,AGUA
18,298,-1,AGUA
26,353,-1,AGUA
18,357,-1,AGUA
17,200,-1,AGUA
20,109,-1,AGUA
17,212,-1,AGUA
18,345,-1,AGUA
29,277,-1,AGUA
17,224,-1,AGUA
18,333,-1,AGUA
17,236,-1,AGUA
28,13,-1,AGUA
18,321,-1,AGUA
29,289,-1,AGUA
29,290,-1,AGUA
23,321,-1,AGUA
23,178,-1,AGUA
18,308,-1,AGUA
23,166,-1,AGUA
26,221,-1,AGUA
26,233,-1,AGUA
23,333,-1,AGUA
23,191,-1,AGUA
28,37,-1,AGUA
23,154,-1,AGUA
17,248,-1,AGUA
24,29,-1,AGUA
24,17,-1,AGUA
17,98,-1,AGUA
17,273,-1,AGUA
26,208,-1,AGUA
20,195,-1,AGUA
23,308,-1,AGUA
17,261,-1,AGUA
19,395,-1,AGUA
24,287,-1,AGUA
23,370,-1,AGUA
23,394,-1,AGUA
23,369,-1,AGUA
24,299,-1,AGUA
20,183,-1,AGUA
29,204,-1,AGUA
28,311,-1,AGUA
29,216,-1,AGUA
20,171,-1,AGUA
23,357,-1,AGUA
21,33,-1,AGUA
28,323,-1,AGUA
29,228,-1,AGUA
23,345,-1,AGUA
21,45,-1,AGUA
27,7,-1,AGUA
29,241,-1,AGUA
28,335,-1,AGUA
29,407,-1,AGUA
28,359,-1,AGUA
16,338,-1,AGUA
24,251,-1,AGUA
28,347,-1,AGUA
29,265,-1,AGUA
24,263,-1,AGUA
28,372,-1,AGUA
20,9,-1,AGUA
28,360,-1,AGUA
29,253,-1,AGUA
24,275,-1,AGUA
16,351,-1,AGUA
26,149,-1,AGUA
28,396,-1,AGUA
26,150,-1,AGUA
18,117,-1,AGUA
27,100,-1,AGUA
26,412,-1,AGUA
26,137,-1,AGUA
26,400,-1,AGUA
26,125,-1,AGUA
27,112,-1,AGUA
26,162,-1,AGUA
18,105,-1,AGUA
26,174,-1,AGUA
18,130,-1,AGUA
26,113,-1,AGUA
25,31,-1,AGUA
19,104,-1,AGUA
21,139,-1,AGUA
19,116,-1,AGUA
26,101,-1,AGUA
26,186,-1,AGUA
18,129,-1,AGUA
25,43,-1,AGUA
19,4,-1,AGUA
21,103,-1,AGUA
27,161,-1,AGUA
18,166,-1,AGUA
16,206,-1,AGUA
18,178,-1,AGUA
30,293,-1,AGUA
18,142,-1,AGUA
22,3,-1,AGUA
27,148,-1,AGUA
21,127,-1,AGUA
26,30,-1,AGUA
19,128,-1,AGUA
21,21,-1,AGUA
19,153,-1,AGUA
27,136,-1,AGUA
30,281,-1,AGUA
26,29,-1,AGUA
20,99,-1,AGUA
27,124,-1,AGUA
21,115,-1,AGUA
18,154,-1,AGUA
26,17,-1,AGUA
19,141,-1,AGUA
27,36,-1,AGUA
19,189,-1,AGUA
31,150,-1,AGUA
17,344,-1,AGUA
19,165,-1,AGUA
19,190,-1,AGUA
18,191,-1,AGUA
17,285,-1,AGUA
17,356,-1,AGUA
26,42,-1,AGUA
17,297,-1,AGUA
17,368,-1,AGUA
19,177,-1,AGUA
30,303,-1,AGUA
21,321,-1,AGUA
17,13,-1,AGUA
31,101,-1,AGUA
25,293,-1,AGUA
27,173,-1,AGUA
17,393,-1,AGUA
28,306,-1,AGUA
31,113,-1,AGUA
26,198,-1,AGUA
30,219,-1,AGUA
17,37,-1,AGUA
27,185,-1,AGUA
27,197,-1,AGUA
26,91,-1,AGUA
27,305,-1,AGUA
30,207,-1,AGUA
27,317,-1,AGUA
24,155,-1,AGUA
22,344,-1,AGUA
31,2,-1,AGUA
27,329,-1,AGUA
24,143,-1,AGUA
22,368,-1,AGUA
27,330,-1,AGUA
22,332,-1,AGUA
25,219,-1,AGUA
25,207,-1,AGUA
27,354,-1,AGUA
22,320,-1,AGUA
24,179,-1,AGUA
22,307,-1,AGUA
25,281,-1,AGUA
21,394,-1,AGUA
27,342,-1,AGUA
24,167,-1,AGUA
28,406,-1,AGUA
21,333,-1,AGUA
22,319,-1,AGUA
27,366,-1,AGUA
21,345,-1,AGUA
18,213,-1,AGUA
21,357,-1,AGUA
21,369,-1,AGUA
22,356,-1,AGUA
18,97,-1,AGUA
18,225,-1,AGUA
24,131,-1,AGUA
17,332,-1,AGUA
16,243,-1,AGUA
16,255,-1,AGUA
17,320,-1,AGUA
19,200,-1,AGUA
16,231,-1,AGUA
31,174,-1,AGUA
28,3,-1,AGUA
16,267,-1,AGUA
17,319,-1,AGUA
17,307,-1,AGUA
31,186,-1,AGUA
18,201,-1,AGUA
31,198,-1,AGUA
18,12,-1,AGUA
22,393,-1,AGUA
16,292,-1,AGUA
23,298,-1,AGUA
18,36,-1,AGUA
16,279,-1,AGUA
16,280,-1,AGUA
29,324,-1,AGUA
28,235,-1,AGUA
26,184,-1,AGUA
18,140,-1,AGUA
26,196,-1,AGUA
22,1,-1,AGUA
18,152,-1,AGUA
18,139,-1,AGUA
28,259,-1,AGUA
18,164,-1,AGUA
28,223,-1,AGUA
30,295,-1,AGUA
17,23,-1,AGUA
21,23,-1,AGUA
17,11,-1,AGUA
28,247,-1,AGUA
30,283,-1,AGUA
21,11,-1,AGUA
26,135,-1,AGUA
29,95,-1,AGUA
23,396,-1,AGUA
27,126,-1,AGUA
28,296,-1,AGUA
25,41,-1,AGUA
30,271,-1,AGUA
28,284,-1,AGUA
27,114,-1,AGUA
26,147,-1,AGUA
19,106,-1,AGUA
29,202,-1,AGUA
19,118,-1,AGUA
24,363,-1,AGUA
18,176,-1,AGUA
26,159,-1,AGUA
28,260,-1,AGUA
26,160,-1,AGUA
24,351,-1,AGUA
26,172,-1,AGUA
29,214,-1,AGUA
18,188,-1,AGUA
28,272,-1,AGUA
27,102,-1,AGUA
29,1,-1,AGUA
17,403,-1,AGUA
19,143,-1,AGUA
29,34,-1,AGUA
30,209,-1,AGUA
27,187,-1,AGUA
27,199,-1,AGUA
27,163,-1,AGUA
17,96,-1,AGUA
19,131,-1,AGUA
27,151,-1,AGUA
27,26,-1,AGUA
19,167,-1,AGUA
31,99,-1,AGUA
21,343,-1,AGUA
19,155,-1,AGUA
27,138,-1,AGUA
21,355,-1,AGUA
21,235,-1,AGUA
19,192,-1,AGUA
21,223,-1,AGUA
21,331,-1,AGUA
17,35,-1,AGUA
26,402,-1,AGUA
21,259,-1,AGUA
28,211,-1,AGUA
19,179,-1,AGUA
29,22,-1,AGUA
21,247,-1,AGUA
19,180,-1,AGUA
27,175,-1,AGUA
20,293,-1,AGUA
29,106,-1,AGUA
16,111,-1,AGUA
22,310,-1,AGUA
16,123,-1,AGUA
23,45,-1,AGUA
22,309,-1,AGUA
23,94,-1,AGUA
23,33,-1,AGUA
28,188,-1,AGUA
29,118,-1,AGUA
23,21,-1,AGUA
28,176,-1,AGUA
20,281,-1,AGUA
18,211,-1,AGUA
21,211,-1,AGUA
21,367,-1,AGUA
16,172,-1,AGUA
22,358,-1,AGUA
29,155,-1,AGUA
29,167,-1,AGUA
28,5,-1,AGUA
18,223,-1,AGUA
22,346,-1,AGUA
18,235,-1,AGUA
16,159,-1,AGUA
24,410,-1,AGUA
16,160,-1,AGUA
18,247,-1,AGUA
18,259,-1,AGUA
22,334,-1,AGUA
29,131,-1,AGUA
29,143,-1,AGUA
22,322,-1,AGUA
16,147,-1,AGUA
17,102,-1,AGUA
17,126,-1,AGUA
29,192,-1,AGUA
29,180,-1,AGUA
20,207,-1,AGUA
20,219,-1,AGUA
29,179,-1,AGUA
17,114,-1,AGUA
23,264,-1,AGUA
17,163,-1,AGUA
26,123,-1,AGUA
17,175,-1,AGUA
22,371,-1,AGUA
26,111,-1,AGUA
23,276,-1,AGUA
23,406,-1,AGUA
16,196,-1,AGUA
29,334,-1,AGUA
17,138,-1,AGUA
17,151,-1,AGUA
29,346,-1,AGUA
22,395,-1,AGUA
29,358,-1,AGUA
23,288,-1,AGUA
19,275,-1,AGUA
19,263,-1,AGUA
27,295,-1,AGUA
16,341,-1,AGUA
16,316,-1,AGUA
17,199,-1,AGUA
27,283,-1,AGUA
16,304,-1,AGUA
26,0,-1,AGUA
19,299,-1,AGUA
16,38,-1,AGUA
16,353,-1,AGUA
29,322,-1,AGUA
27,271,-1,AGUA
19,287,-1,AGUA
31,235,-1,AGUA
18,404,-1,AGUA
29,310,-1,AGUA
19,226,-1,AGUA
17,187,-1,AGUA
29,309,-1,AGUA
25,315,-1,AGUA
18,6,-1,AGUA
19,214,-1,AGUA
22,273,-1,AGUA
20,317,-1,AGUA
25,195,-1,AGUA
22,261,-1,AGUA
20,305,-1,AGUA
25,303,-1,AGUA
19,202,-1,AGUA
22,405,-1,AGUA
16,99,-1,AGUA
22,297,-1,AGUA
25,339,-1,AGUA
20,185,-1,AGUA
22,285,-1,AGUA
25,327,-1,AGUA
20,173,-1,AGUA
28,103,-1,AGUA
22,212,-1,AGUA
23,117,-1,AGUA
27,209,-1,AGUA
23,129,-1,AGUA
22,200,-1,AGUA
27,403,-1,AGUA
28,115,-1,AGUA
22,224,-1,AGUA
20,197,-1,AGUA
23,142,-1,AGUA
16,1,-1,AGUA
27,222,-1,AGUA
22,236,-1,AGUA
28,98,-1,AGUA
23,130,-1,AGUA
27,210,-1,AGUA
22,248,-1,AGUA
19,94,-1,AGUA
27,258,-1,AGUA
28,164,-1,AGUA
20,329,-1,AGUA
19,45,-1,AGUA
19,238,-1,AGUA
28,152,-1,AGUA
28,139,-1,AGUA
28,127,-1,AGUA
28,140,-1,AGUA
27,234,-1,AGUA
23,105,-1,AGUA
19,251,-1,AGUA
27,246,-1,AGUA
17,246,-1,AGUA
18,370,-1,AGUA
30,329,-1,AGUA
19,309,-1,AGUA
27,99,-1,AGUA
17,234,-1,AGUA
18,394,-1,AGUA
19,33,-1,AGUA
17,258,-1,AGUA
19,21,-1,AGUA
17,295,-1,AGUA
27,38,-1,AGUA
17,271,-1,AGUA
30,317,-1,AGUA
30,305,-1,AGUA
17,283,-1,AGUA
20,161,-1,AGUA
29,238,-1,AGUA
28,321,-1,AGUA
24,241,-1,AGUA
23,335,-1,AGUA
29,226,-1,AGUA
24,253,-1,AGUA
23,347,-1,AGUA
28,333,-1,AGUA
24,265,-1,AGUA
24,277,-1,AGUA
29,251,-1,AGUA
28,345,-1,AGUA
23,311,-1,AGUA
25,183,-1,AGUA
24,289,-1,AGUA
23,323,-1,AGUA
21,5,-1,AGUA
25,171,-1,AGUA
25,109,-1,AGUA
28,357,-1,AGUA
29,287,-1,AGUA
28,369,-1,AGUA
29,299,-1,AGUA
17,209,-1,AGUA
31,296,-1,AGUA
29,263,-1,AGUA
28,370,-1,AGUA
23,372,-1,AGUA
17,210,-1,AGUA
21,35,-1,AGUA
31,272,-1,AGUA
18,115,-1,AGUA
18,127,-1,AGUA
23,360,-1,AGUA
31,284,-1,AGUA
29,275,-1,AGUA
18,103,-1,AGUA
17,222,-1,AGUA
16,328,-1,AGUA
28,394,-1,AGUA
23,359,-1,AGUA
26,229,-1,AGUA
20,155,-1,AGUA
19,228,-1,AGUA
20,143,-1,AGUA
19,241,-1,AGUA
26,205,-1,AGUA
26,230,-1,AGUA
19,216,-1,AGUA
19,204,-1,AGUA
28,280,-1,AGUA
19,253,-1,AGUA
24,99,-1,AGUA
20,131,-1,AGUA
26,217,-1,AGUA
19,265,-1,AGUA
28,292,-1,AGUA
19,289,-1,AGUA
22,193,-1,AGUA
24,9,-1,AGUA
22,181,-1,AGUA
26,278,-1,AGUA
19,290,-1,AGUA
19,277,-1,AGUA
26,266,-1,AGUA
17,203,-1,AGUA
16,21,-1,AGUA
20,97,-1,AGUA
26,254,-1,AGUA
17,227,-1,AGUA
28,6,-1,AGUA
18,402,-1,AGUA
28,16,-1,AGUA
19,96,-1,AGUA
28,28,-1,AGUA
17,215,-1,AGUA
22,168,-1,AGUA
17,239,-1,AGUA
19,2,-1,AGUA
26,242,-1,AGUA
23,402,-1,AGUA
28,218,-1,AGUA
28,206,-1,AGUA
16,33,-1,AGUA
28,231,-1,AGUA
20,1,-1,AGUA
16,45,-1,AGUA
19,11,-1,AGUA
19,23,-1,AGUA
28,267,-1,AGUA
16,401,-1,AGUA
28,279,-1,AGUA
28,243,-1,AGUA
16,94,-1,AGUA
29,116,-1,AGUA
28,314,-1,AGUA
20,179,-1,AGUA
29,104,-1,AGUA
28,326,-1,AGUA
20,167,-1,AGUA
28,255,-1,AGUA
19,35,-1,AGUA
28,338,-1,AGUA
26,195,-1,AGUA
24,121,-1,AGUA
16,330,-1,AGUA
30,307,-1,AGUA
27,41,-1,AGUA
16,342,-1,AGUA
28,363,-1,AGUA
24,133,-1,AGUA
28,351,-1,AGUA
30,319,-1,AGUA
24,145,-1,AGUA
21,97,-1,AGUA
26,158,-1,AGUA
26,301,-1,AGUA
26,325,-1,AGUA
26,171,-1,AGUA
27,28,-1,AGUA
26,313,-1,AGUA
28,399,-1,AGUA
26,183,-1,AGUA
22,132,-1,AGUA
17,252,-1,AGUA
26,350,-1,AGUA
28,41,-1,AGUA
26,349,-1,AGUA
26,362,-1,AGUA
22,119,-1,AGUA
26,337,-1,AGUA
22,156,-1,AGUA
31,217,-1,AGUA
22,120,-1,AGUA
17,240,-1,AGUA
18,101,-1,AGUA
21,283,-1,AGUA
17,276,-1,AGUA
17,264,-1,AGUA
22,144,-1,AGUA
21,295,-1,AGUA
24,169,-1,AGUA
18,125,-1,AGUA
18,149,-1,AGUA
24,157,-1,AGUA
18,113,-1,AGUA
18,150,-1,AGUA
23,2,-1,AGUA
22,107,-1,AGUA
31,205,-1,AGUA
21,271,-1,AGUA
17,288,-1,AGUA
26,398,-1,AGUA
18,137,-1,AGUA
16,295,-1,AGUA
24,373,-1,AGUA
25,187,-1,AGUA
17,372,-1,AGUA
24,361,-1,AGUA
23,101,-1,AGUA
29,371,-1,AGUA
25,175,-1,AGUA
23,113,-1,AGUA
23,125,-1,AGUA
27,308,-1,AGUA
29,395,-1,AGUA
25,199,-1,AGUA
29,200,-1,AGUA
17,396,-1,AGUA
17,335,-1,AGUA
31,20,-1,AGUA
17,323,-1,AGUA
27,321,-1,AGUA
29,212,-1,AGUA
22,335,-1,AGUA
28,123,-1,AGUA
22,323,-1,AGUA
30,151,-1,AGUA
27,333,-1,AGUA
29,224,-1,AGUA
28,135,-1,AGUA
17,311,-1,AGUA
25,151,-1,AGUA
29,248,-1,AGUA
30,163,-1,AGUA
25,5,-1,AGUA
27,357,-1,AGUA
19,373,-1,AGUA
25,163,-1,AGUA
28,111,-1,AGUA
29,236,-1,AGUA
27,345,-1,AGUA
22,311,-1,AGUA
30,175,-1,AGUA
22,396,-1,AGUA
19,361,-1,AGUA
28,184,-1,AGUA
18,272,-1,AGUA
28,196,-1,AGUA
23,198,-1,AGUA
26,109,-1,AGUA
27,370,-1,AGUA
18,260,-1,AGUA
28,172,-1,AGUA
27,369,-1,AGUA
27,394,-1,AGUA
19,336,-1,AGUA
23,174,-1,AGUA
28,159,-1,AGUA
16,209,-1,AGUA
19,348,-1,AGUA
22,359,-1,AGUA
28,160,-1,AGUA
18,296,-1,AGUA
25,319,-1,AGUA
28,147,-1,AGUA
25,307,-1,AGUA
31,411,-1,AGUA
23,186,-1,AGUA
26,146,-1,AGUA
18,284,-1,AGUA
22,347,-1,AGUA
19,407,-1,AGUA
23,149,-1,AGUA
19,300,-1,AGUA
17,8,-1,AGUA
28,409,-1,AGUA
16,258,-1,AGUA
18,367,-1,AGUA
19,324,-1,AGUA
26,134,-1,AGUA
19,312,-1,AGUA
22,360,-1,AGUA
28,410,-1,AGUA
23,137,-1,AGUA
26,122,-1,AGUA
23,162,-1,AGUA
22,372,-1,AGUA
23,150,-1,AGUA
20,309,-1,AGUA
26,110,-1,AGUA
16,317,-1,AGUA
22,99,-1,AGUA
29,141,-1,AGUA
26,14,-1,AGUA
23,306,-1,AGUA
16,305,-1,AGUA
29,153,-1,AGUA
23,318,-1,AGUA
26,38,-1,AGUA
29,405,-1,AGUA
31,110,-1,AGUA
29,128,-1,AGUA
26,1,-1,AGUA
26,26,-1,AGUA
18,355,-1,AGUA
23,367,-1,AGUA
27,103,-1,AGUA
29,190,-1,AGUA
18,343,-1,AGUA
31,171,-1,AGUA
29,189,-1,AGUA
27,115,-1,AGUA
18,331,-1,AGUA
23,355,-1,AGUA
23,331,-1,AGUA
26,408,-1,AGUA
23,343,-1,AGUA
29,177,-1,AGUA
18,318,-1,AGUA
20,371,-1,AGUA
29,165,-1,AGUA
21,329,-1,AGUA
22,6,-1,AGUA
30,199,-1,AGUA
27,404,-1,AGUA
31,8,-1,AGUA
30,187,-1,AGUA
27,152,-1,AGUA
27,176,-1,AGUA
27,140,-1,AGUA
18,306,-1,AGUA
21,317,-1,AGUA
26,99,-1,AGUA
27,188,-1,AGUA
21,305,-1,AGUA
19,397,-1,AGUA
27,139,-1,AGUA
27,127,-1,AGUA
29,92,-1,AGUA
29,43,-1,AGUA
29,31,-1,AGUA
17,347,-1,AGUA
17,359,-1,AGUA
31,134,-1,AGUA
17,360,-1,AGUA
27,164,-1,AGUA
23,12,-1,AGUA
31,339,-1,AGUA
29,393,-1,AGUA
31,352,-1,AGUA
18,4,-1,AGUA
29,18,-1,AGUA
18,94,-1,AGUA
25,7,-1,AGUA
27,178,-1,AGUA
16,114,-1,AGUA
16,126,-1,AGUA
19,363,-1,AGUA
27,191,-1,AGUA
22,301,-1,AGUA
29,320,-1,AGUA
21,207,-1,AGUA
19,351,-1,AGUA
25,305,-1,AGUA
20,277,-1,AGUA
29,319,-1,AGUA
20,289,-1,AGUA
29,307,-1,AGUA
16,102,-1,AGUA
30,3,-1,AGUA
21,219,-1,AGUA
23,97,-1,AGUA
20,241,-1,AGUA
18,21,-1,AGUA
19,326,-1,AGUA
26,132,-1,AGUA
22,350,-1,AGUA
23,152,-1,AGUA
26,144,-1,AGUA
30,141,-1,AGUA
22,349,-1,AGUA
22,362,-1,AGUA
25,329,-1,AGUA
16,151,-1,AGUA
25,317,-1,AGUA
23,176,-1,AGUA
19,338,-1,AGUA
26,120,-1,AGUA
23,140,-1,AGUA
22,337,-1,AGUA
20,265,-1,AGUA
18,45,-1,AGUA
18,294,-1,AGUA
26,156,-1,AGUA
16,199,-1,AGUA
18,365,-1,AGUA
26,107,-1,AGUA
22,325,-1,AGUA
16,138,-1,AGUA
26,119,-1,AGUA
19,302,-1,AGUA
25,271,-1,AGUA
26,168,-1,AGUA
22,313,-1,AGUA
22,398,-1,AGUA
20,253,-1,AGUA
18,33,-1,AGUA
19,314,-1,AGUA
23,164,-1,AGUA
23,103,-1,AGUA
17,105,-1,AGUA
23,115,-1,AGUA
17,129,-1,AGUA
25,283,-1,AGUA
16,187,-1,AGUA
23,139,-1,AGUA
23,36,-1,AGUA
25,295,-1,AGUA
23,127,-1,AGUA
28,304,-1,AGUA
17,117,-1,AGUA
17,406,-1,AGUA
25,209,-1,AGUA
17,154,-1,AGUA
17,166,-1,AGUA
17,130,-1,AGUA
21,197,-1,AGUA
26,411,-1,AGUA
29,403,-1,AGUA
17,142,-1,AGUA
21,185,-1,AGUA
21,161,-1,AGUA
21,173,-1,AGUA
24,267,-1,AGUA
21,315,-1,AGUA
24,279,-1,AGUA
21,303,-1,AGUA
17,191,-1,AGUA
18,353,-1,AGUA
22,97,-1,AGUA
17,178,-1,AGUA
18,341,-1,AGUA
29,273,-1,AGUA
27,129,-1,AGUA
27,117,-1,AGUA
30,153,-1,AGUA
29,261,-1,AGUA
18,328,-1,AGUA
30,165,-1,AGUA
29,285,-1,AGUA
21,339,-1,AGUA
18,316,-1,AGUA
30,177,-1,AGUA
18,304,-1,AGUA
22,4,-1,AGUA
27,166,-1,AGUA
27,105,-1,AGUA
21,327,-1,AGUA
24,255,-1,AGUA
30,189,-1,AGUA
24,243,-1,AGUA
19,399,-1,AGUA
27,154,-1,AGUA
24,231,-1,AGUA
29,297,-1,AGUA
27,142,-1,AGUA
27,130,-1,AGUA
30,285,-1,AGUA
18,186,-1,AGUA
28,270,-1,AGUA
18,198,-1,AGUA
17,45,-1,AGUA
30,17,-1,AGUA
23,296,-1,AGUA
20,121,-1,AGUA
17,21,-1,AGUA
23,284,-1,AGUA
30,273,-1,AGUA
28,282,-1,AGUA
17,201,-1,AGUA
28,257,-1,AGUA
18,162,-1,AGUA
30,261,-1,AGUA
18,174,-1,AGUA
17,33,-1,AGUA
17,213,-1,AGUA
28,269,-1,AGUA
25,99,-1,AGUA
23,235,-1,AGUA
17,237,-1,AGUA
17,249,-1,AGUA
17,225,-1,AGUA
23,247,-1,AGUA
27,406,-1,AGUA
23,260,-1,AGUA
17,262,-1,AGUA
23,259,-1,AGUA
28,294,-1,AGUA
23,272,-1,AGUA
30,29,-1,AGUA
17,250,-1,AGUA
19,108,-1,AGUA
20,95,-1,AGUA
16,23,-1,AGUA
16,35,-1,AGUA
22,12,-1,AGUA
19,0,-1,AGUA
19,133,-1,AGUA
28,208,-1,AGUA
28,312,-1,AGUA
16,11,-1,AGUA
19,121,-1,AGUA
29,126,-1,AGUA
19,157,-1,AGUA
20,169,-1,AGUA
29,138,-1,AGUA
17,94,-1,AGUA
28,324,-1,AGUA
29,114,-1,AGUA
28,221,-1,AGUA
23,223,-1,AGUA
28,336,-1,AGUA
20,157,-1,AGUA
16,319,-1,AGUA
19,170,-1,AGUA
19,145,-1,AGUA
22,408,-1,AGUA
23,211,-1,AGUA
29,102,-1,AGUA
26,3,-1,AGUA
28,245,-1,AGUA
20,133,-1,AGUA
28,348,-1,AGUA
28,233,-1,AGUA
22,36,-1,AGUA
19,169,-1,AGUA
20,145,-1,AGUA
22,264,-1,AGUA
18,208,-1,AGUA
27,250,-1,AGUA
28,373,-1,AGUA
27,249,-1,AGUA
22,252,-1,AGUA
28,361,-1,AGUA
27,262,-1,AGUA
18,221,-1,AGUA
27,225,-1,AGUA
18,233,-1,AGUA
19,182,-1,AGUA
31,281,-1,AGUA
22,288,-1,AGUA
28,397,-1,AGUA
16,96,-1,AGUA
27,237,-1,AGUA
22,276,-1,AGUA
18,245,-1,AGUA
24,111,-1,AGUA
19,194,-1,AGUA
31,256,-1,AGUA
22,215,-1,AGUA
18,269,-1,AGUA
19,409,-1,AGUA
16,344,-1,AGUA
27,298,-1,AGUA
18,257,-1,AGUA
22,227,-1,AGUA
22,239,-1,AGUA
23,188,-1,AGUA
18,282,-1,AGUA
16,368,-1,AGUA
27,286,-1,AGUA
18,270,-1,AGUA
27,274,-1,AGUA
19,410,-1,AGUA
22,240,-1,AGUA
24,309,-1,AGUA
23,404,-1,AGUA
17,298,-1,AGUA
17,274,-1,AGUA
21,99,-1,AGUA
31,219,-1,AGUA
29,332,-1,AGUA
26,291,-1,AGUA
31,207,-1,AGUA
16,393,-1,AGUA
17,286,-1,AGUA
21,293,-1,AGUA
29,344,-1,AGUA
22,203,-1,AGUA
24,123,-1,AGUA
29,356,-1,AGUA
24,135,-1,AGUA
24,159,-1,AGUA
29,368,-1,AGUA
27,213,-1,AGUA
24,147,-1,AGUA
30,297,-1,AGUA
21,281,-1,AGUA
27,201,-1,AGUA
31,34,-1,AGUA
30,91,-1,AGUA
29,209,-1,AGUA
30,251,-1,AGUA
23,135,-1,AGUA
29,210,-1,AGUA
23,123,-1,AGUA
23,159,-1,AGUA
29,222,-1,AGUA
29,234,-1,AGUA
24,371,-1,AGUA
18,196,-1,AGUA
23,147,-1,AGUA
25,287,-1,AGUA
29,258,-1,AGUA
17,31,-1,AGUA
17,18,-1,AGUA
29,271,-1,AGUA
29,26,-1,AGUA
25,299,-1,AGUA
20,410,-1,AGUA
17,43,-1,AGUA
29,246,-1,AGUA
27,311,-1,AGUA
29,38,-1,AGUA
25,97,-1,AGUA
27,323,-1,AGUA
23,111,-1,AGUA
16,297,-1,AGUA
31,360,-1,AGUA
27,335,-1,AGUA
27,347,-1,AGUA
26,406,-1,AGUA
23,28,-1,AGUA
20,297,-1,AGUA
27,360,-1,AGUA
25,275,-1,AGUA
17,6,-1,AGUA
23,16,-1,AGUA
27,288,-1,AGUA
27,359,-1,AGUA
25,309,-1,AGUA
27,396,-1,AGUA
19,111,-1,AGUA
23,184,-1,AGUA
19,123,-1,AGUA
20,273,-1,AGUA
26,5,-1,AGUA
20,285,-1,AGUA
23,196,-1,AGUA
23,160,-1,AGUA
25,263,-1,AGUA
16,200,-1,AGUA
27,372,-1,AGUA
19,147,-1,AGUA
22,411,-1,AGUA
25,251,-1,AGUA
16,212,-1,AGUA
21,109,-1,AGUA
23,172,-1,AGUA
26,12,-1,AGUA
17,92,-1,AGUA
19,135,-1,AGUA
20,261,-1,AGUA
19,172,-1,AGUA
19,412,-1,AGUA
18,243,-1,AGUA
27,203,-1,AGUA
18,255,-1,AGUA
19,160,-1,AGUA
29,187,-1,AGUA
22,41,-1,AGUA
19,184,-1,AGUA
25,371,-1,AGUA
19,400,-1,AGUA
19,159,-1,AGUA
27,239,-1,AGUA
29,175,-1,AGUA
18,279,-1,AGUA
29,151,-1,AGUA
29,163,-1,AGUA
26,36,-1,AGUA
17,109,-1,AGUA
22,28,-1,AGUA
27,227,-1,AGUA
18,206,-1,AGUA
22,16,-1,AGUA
27,215,-1,AGUA
18,267,-1,AGUA
27,264,-1,AGUA
17,134,-1,AGUA
27,276,-1,AGUA
18,292,-1,AGUA
28,300,-1,AGUA
26,97,-1,AGUA
17,146,-1,AGUA
18,280,-1,AGUA
17,110,-1,AGUA
18,31,-1,AGUA
19,196,-1,AGUA
27,240,-1,AGUA
17,122,-1,AGUA
29,199,-1,AGUA
27,252,-1,AGUA
18,18,-1,AGUA
23,41,-1,AGUA
17,195,-1,AGUA
29,342,-1,AGUA
17,183,-1,AGUA
29,354,-1,AGUA
17,171,-1,AGUA
17,158,-1,AGUA
17,411,-1,AGUA
29,366,-1,AGUA
30,299,-1,AGUA
30,287,-1,AGUA
22,8,-1,AGUA
18,218,-1,AGUA
30,275,-1,AGUA
18,231,-1,AGUA
30,263,-1,AGUA
26,264,-1,AGUA
28,8,-1,AGUA
20,189,-1,AGUA
21,291,-1,AGUA
26,252,-1,AGUA
20,177,-1,AGUA
26,239,-1,AGUA
20,165,-1,AGUA
23,400,-1,AGUA
19,231,-1,AGUA
20,153,-1,AGUA
26,240,-1,AGUA
19,243,-1,AGUA
16,43,-1,AGUA
21,217,-1,AGUA
18,400,-1,AGUA
19,98,-1,AGUA
19,255,-1,AGUA
20,141,-1,AGUA
21,229,-1,AGUA
23,412,-1,AGUA
19,279,-1,AGUA
19,280,-1,AGUA
19,267,-1,AGUA
26,288,-1,AGUA
16,31,-1,AGUA
17,205,-1,AGUA
26,276,-1,AGUA
18,412,-1,AGUA
29,330,-1,AGUA
22,293,-1,AGUA
28,241,-1,AGUA
28,253,-1,AGUA
23,255,-1,AGUA
16,92,-1,AGUA
29,329,-1,AGUA
19,37,-1,AGUA
22,281,-1,AGUA
28,265,-1,AGUA
23,267,-1,AGUA
29,317,-1,AGUA
29,305,-1,AGUA
16,104,-1,AGUA
23,292,-1,AGUA
18,43,-1,AGUA
23,279,-1,AGUA
23,218,-1,AGUA
21,205,-1,AGUA
16,116,-1,AGUA
23,280,-1,AGUA
26,203,-1,AGUA
22,232,-1,AGUA
26,215,-1,AGUA
16,177,-1,AGUA
28,290,-1,AGUA
22,244,-1,AGUA
26,227,-1,AGUA
28,277,-1,AGUA
16,153,-1,AGUA
23,231,-1,AGUA
18,92,-1,AGUA
22,268,-1,AGUA
16,141,-1,AGUA
19,218,-1,AGUA
19,206,-1,AGUA
22,256,-1,AGUA
28,289,-1,AGUA
19,13,-1,AGUA
23,243,-1,AGUA
18,2,-1,AGUA
28,316,-1,AGUA
27,18,-1,AGUA
28,328,-1,AGUA
24,245,-1,AGUA
17,291,-1,AGUA
22,219,-1,AGUA
27,43,-1,AGUA
24,233,-1,AGUA
22,220,-1,AGUA
27,31,-1,AGUA
16,189,-1,AGUA
26,193,-1,AGUA
28,341,-1,AGUA
16,190,-1,AGUA
26,181,-1,AGUA
23,206,-1,AGUA
21,195,-1,AGUA
27,1,-1,AGUA
30,95,-1,AGUA
28,353,-1,AGUA
22,207,-1,AGUA
28,228,-1,AGUA
21,183,-1,AGUA
24,257,-1,AGUA
20,19,-1,AGUA
28,204,-1,AGUA
28,365,-1,AGUA
28,216,-1,AGUA
21,171,-1,AGUA
24,269,-1,AGUA
30,371,-1,AGUA
18,111,-1,AGUA
17,217,-1,AGUA
31,288,-1,AGUA
17,229,-1,AGUA
19,292,-1,AGUA
31,252,-1,AGUA
29,283,-1,AGUA
18,135,-1,AGUA
17,242,-1,AGUA
18,123,-1,AGUA
17,230,-1,AGUA
29,295,-1,AGUA
18,172,-1,AGUA
17,266,-1,AGUA
31,215,-1,AGUA
27,92,-1,AGUA
30,309,-1,AGUA
24,221,-1,AGUA
17,254,-1,AGUA
31,239,-1,AGUA
18,184,-1,AGUA
21,1,-1,AGUA
31,203,-1,AGUA
18,147,-1,AGUA
18,159,-1,AGUA
17,278,-1,AGUA
18,160,-1,AGUA
17,349,-1,AGUA
17,337,-1,AGUA
25,141,-1,AGUA
26,298,-1,AGUA
25,153,-1,AGUA
17,325,-1,AGUA
17,350,-1,AGUA
28,121,-1,AGUA
26,286,-1,AGUA
27,408,-1,AGUA
25,165,-1,AGUA
17,362,-1,AGUA
25,177,-1,AGUA
26,274,-1,AGUA
17,313,-1,AGUA
28,108,-1,AGUA
26,262,-1,AGUA
17,301,-1,AGUA
28,170,-1,AGUA
23,270,-1,AGUA
17,398,-1,AGUA
28,169,-1,AGUA
23,282,-1,AGUA
19,40,-1,AGUA
23,269,-1,AGUA
28,157,-1,AGUA
31,30,-1,AGUA
30,19,-1,AGUA
19,39,-1,AGUA
28,145,-1,AGUA
19,233,-1,AGUA
30,361,-1,AGUA
28,133,-1,AGUA
30,373,-1,AGUA
19,245,-1,AGUA
23,294,-1,AGUA
29,100,-1,AGUA
28,412,-1,AGUA
29,124,-1,AGUA
23,233,-1,AGUA
26,213,-1,AGUA
23,208,-1,AGUA
19,15,-1,AGUA
23,245,-1,AGUA
19,27,-1,AGUA
19,221,-1,AGUA
16,309,-1,AGUA
28,182,-1,AGUA
26,201,-1,AGUA
23,257,-1,AGUA
28,400,-1,AGUA
29,112,-1,AGUA
19,208,-1,AGUA
26,250,-1,AGUA
22,278,-1,AGUA
26,249,-1,AGUA
19,9,-1,AGUA
29,173,-1,AGUA
22,38,-1,AGUA
22,26,-1,AGUA
22,266,-1,AGUA
23,304,-1,AGUA
28,194,-1,AGUA
29,161,-1,AGUA
25,189,-1,AGUA
29,136,-1,AGUA
22,14,-1,AGUA
26,225,-1,AGUA
22,291,-1,AGUA
26,237,-1,AGUA
29,148,-1,AGUA
20,93,-1,AGUA
23,221,-1,AGUA
20,373,-1,AGUA
20,361,-1,AGUA
22,229,-1,AGUA
23,353,-1,AGUA
22,205,-1,AGUA
23,341,-1,AGUA
22,230,-1,AGUA
22,254,-1,AGUA
31,120,-1,AGUA
23,316,-1,AGUA
22,242,-1,AGUA
23,328,-1,AGUA
18,108,-1,AGUA
31,107,-1,AGUA
24,319,-1,AGUA
27,3,-1,AGUA
21,41,-1,AGUA
18,121,-1,AGUA
24,307,-1,AGUA
23,365,-1,AGUA
22,217,-1,AGUA
16,334,-1,AGUA
24,149,-1,AGUA
19,269,-1,AGUA
18,157,-1,AGUA
19,257,-1,AGUA
30,93,-1,AGUA
24,137,-1,AGUA
18,170,-1,AGUA
19,270,-1,AGUA
18,169,-1,AGUA
27,94,-1,AGUA
18,133,-1,AGUA
21,408,-1,AGUA
18,410,-1,AGUA
19,294,-1,AGUA
18,145,-1,AGUA
19,282,-1,AGUA
18,409,-1,AGUA
27,33,-1,AGUA
16,395,-1,AGUA
24,101,-1,AGUA
27,21,-1,AGUA
24,113,-1,AGUA
18,182,-1,AGUA
18,194,-1,AGUA
24,125,-1,AGUA
27,45,-1,AGUA
27,193,-1,AGUA
29,28,-1,AGUA
24,97,-1,AGUA
31,362,-1,AGUA
25,9,-1,AGUA
29,244,-1,AGUA
16,202,-1,AGUA
31,350,-1,AGUA
22,195,-1,AGUA
29,232,-1,AGUA
21,107,-1,AGUA
19,365,-1,AGUA
29,268,-1,AGUA
30,1,-1,AGUA
22,171,-1,AGUA
27,156,-1,AGUA
29,41,-1,AGUA
29,256,-1,AGUA
16,226,-1,AGUA
22,183,-1,AGUA
27,144,-1,AGUA
19,353,-1,AGUA
22,146,-1,AGUA
26,117,-1,AGUA
22,158,-1,AGUA
29,293,-1,AGUA
19,341,-1,AGUA
16,275,-1,AGUA
22,134,-1,AGUA
16,287,-1,AGUA
26,105,-1,AGUA
16,251,-1,AGUA
27,168,-1,AGUA
17,4,-1,AGUA
31,337,-1,AGUA
19,316,-1,AGUA
18,363,-1,AGUA
19,328,-1,AGUA
29,281,-1,AGUA
16,263,-1,AGUA
27,181,-1,AGUA
20,287,-1,AGUA
26,178,-1,AGUA
21,193,-1,AGUA
22,303,-1,AGUA
27,301,-1,AGUA
25,261,-1,AGUA
27,313,-1,AGUA
25,285,-1,AGUA
20,299,-1,AGUA
21,181,-1,AGUA
19,304,-1,AGUA
22,315,-1,AGUA
26,10,-1,AGUA
27,325,-1,AGUA
25,297,-1,AGUA
27,337,-1,AGUA
20,263,-1,AGUA
18,399,-1,AGUA
26,191,-1,AGUA
26,130,-1,AGUA
26,129,-1,AGUA
22,364,-1,AGUA
20,275,-1,AGUA
23,38,-1,AGUA
27,350,-1,AGUA
23,14,-1,AGUA
23,26,-1,AGUA
27,349,-1,AGUA
26,22,-1,AGUA
21,119,-1,AGUA
22,352,-1,AGUA
29,207,-1,AGUA
26,142,-1,AGUA
22,340,-1,AGUA
29,219,-1,AGUA
20,251,-1,AGUA
22,339,-1,AGUA
26,154,-1,AGUA
22,327,-1,AGUA
29,220,-1,AGUA
27,362,-1,AGUA
26,34,-1,AGUA
25,273,-1,AGUA
26,166,-1,AGUA
17,120,-1,AGUA
26,95,-1,AGUA
21,301,-1,AGUA
23,4,-1,AGUA
17,119,-1,AGUA
17,132,-1,AGUA
17,107,-1,AGUA
29,197,-1,AGUA
18,16,-1,AGUA
28,302,-1,AGUA
28,92,-1,AGUA
27,398,-1,AGUA
21,349,-1,AGUA
29,185,-1,AGUA
26,311,-1,AGUA
29,401,-1,AGUA
20,3,-1,AGUA
18,41,-1,AGUA
26,335,-1,AGUA
17,181,-1,AGUA
17,168,-1,AGUA
26,323,-1,AGUA
21,337,-1,AGUA
18,28,-1,AGUA
26,360,-1,AGUA
30,143,-1,AGUA
21,325,-1,AGUA
17,144,-1,AGUA
26,359,-1,AGUA
30,131,-1,AGUA
17,156,-1,AGUA
26,347,-1,AGUA
21,313,-1,AGUA
26,396,-1,AGUA
21,398,-1,AGUA
28,18,-1,AGUA
18,351,-1,AGUA
22,122,-1,AGUA
28,31,-1,AGUA
16,299,-1,AGUA
23,99,-1,AGUA
26,372,-1,AGUA
18,338,-1,AGUA
30,155,-1,AGUA
22,109,-1,AGUA
17,193,-1,AGUA
22,110,-1,AGUA
18,326,-1,AGUA
30,167,-1,AGUA
27,132,-1,AGUA
18,314,-1,AGUA
27,120,-1,AGUA
30,179,-1,AGUA
28,43,-1,AGUA
27,107,-1,AGUA
18,302,-1,AGUA
17,408,-1,AGUA
27,119,-1,AGUA
18,300,-1,AGUA
26,344,-1,AGUA
27,399,-1,AGUA
19,355,-1,AGUA
28,189,-1,AGUA
20,257,-1,AGUA
18,312,-1,AGUA
23,93,-1,AGUA
19,343,-1,AGUA
28,177,-1,AGUA
26,368,-1,AGUA
26,332,-1,AGUA
28,165,-1,AGUA
23,44,-1,AGUA
28,153,-1,AGUA
19,331,-1,AGUA
26,356,-1,AGUA
20,269,-1,AGUA
18,361,-1,AGUA
19,306,-1,AGUA
23,32,-1,AGUA
26,393,-1,AGUA
20,221,-1,AGUA
23,7,-1,AGUA
18,373,-1,AGUA
19,318,-1,AGUA
23,20,-1,AGUA
17,101,-1,AGUA
20,245,-1,AGUA
23,19,-1,AGUA
20,233,-1,AGUA
28,190,-1,AGUA
18,397,-1,AGUA
31,356,-1,AGUA
25,169,-1,AGUA
23,312,-1,AGUA
17,137,-1,AGUA
17,149,-1,AGUA
23,289,-1,AGUA
17,113,-1,AGUA
23,290,-1,AGUA
23,324,-1,AGUA
16,347,-1,AGUA
23,300,-1,AGUA
17,125,-1,AGUA
29,327,-1,AGUA
31,37,-1,AGUA
16,359,-1,AGUA
17,186,-1,AGUA
23,373,-1,AGUA
23,241,-1,AGUA
18,0,-1,AGUA
25,121,-1,AGUA
29,315,-1,AGUA
17,174,-1,AGUA
31,319,-1,AGUA
29,303,-1,AGUA
23,361,-1,AGUA
23,253,-1,AGUA
16,372,-1,AGUA
25,133,-1,AGUA
25,145,-1,AGUA
23,348,-1,AGUA
17,150,-1,AGUA
23,265,-1,AGUA
23,336,-1,AGUA
16,396,-1,AGUA
25,157,-1,AGUA
17,162,-1,AGUA
23,277,-1,AGUA
31,332,-1,AGUA
24,235,-1,AGUA
27,410,-1,AGUA
30,410,-1,AGUA
22,0,-1,AGUA
24,259,-1,AGUA
24,223,-1,AGUA
27,409,-1,AGUA
26,297,-1,AGUA
24,211,-1,AGUA
30,145,-1,AGUA
20,91,-1,AGUA
26,285,-1,AGUA
17,198,-1,AGUA
30,133,-1,AGUA
20,29,-1,AGUA
30,121,-1,AGUA
23,228,-1,AGUA
23,397,-1,AGUA
23,216,-1,AGUA
29,411,-1,AGUA
17,402,-1,AGUA
30,97,-1,AGUA
24,247,-1,AGUA
23,204,-1,AGUA
24,45,-1,AGUA
26,212,-1,AGUA
27,255,-1,AGUA
26,200,-1,AGUA
24,33,-1,AGUA
16,311,-1,AGUA
26,224,-1,AGUA
28,104,-1,AGUA
27,267,-1,AGUA
27,231,-1,AGUA
26,21,-1,AGUA
24,3,-1,AGUA
27,243,-1,AGUA
24,21,-1,AGUA
20,17,-1,AGUA
28,141,-1,AGUA
26,273,-1,AGUA
20,341,-1,AGUA
26,403,-1,AGUA
18,348,-1,AGUA
26,261,-1,AGUA
20,353,-1,AGUA
30,157,-1,AGUA
18,336,-1,AGUA
26,33,-1,AGUA
19,91,-1,AGUA
26,236,-1,AGUA
27,292,-1,AGUA
28,116,-1,AGUA
27,279,-1,AGUA
19,367,-1,AGUA
20,365,-1,AGUA
26,45,-1,AGUA
30,169,-1,AGUA
27,280,-1,AGUA
18,324,-1,AGUA
28,128,-1,AGUA
26,248,-1,AGUA
17,257,-1,AGUA
18,15,-1,AGUA
16,193,-1,AGUA
17,245,-1,AGUA
17,282,-1,AGUA
18,39,-1,AGUA
16,144,-1,AGUA
16,156,-1,AGUA
26,94,-1,AGUA
25,265,-1,AGUA
18,27,-1,AGUA
21,361,-1,AGUA
17,270,-1,AGUA
25,253,-1,AGUA
17,269,-1,AGUA
31,153,-1,AGUA
18,40,-1,AGUA
28,319,-1,AGUA
25,277,-1,AGUA
28,320,-1,AGUA
17,294,-1,AGUA
17,41,-1,AGUA
29,110,-1,AGUA
25,289,-1,AGUA
29,109,-1,AGUA
28,332,-1,AGUA
28,344,-1,AGUA
29,146,-1,AGUA
20,137,-1,AGUA
28,356,-1,AGUA
29,158,-1,AGUA
20,149,-1,AGUA
25,95,-1,AGUA
29,122,-1,AGUA
20,113,-1,AGUA
29,134,-1,AGUA
20,125,-1,AGUA
28,368,-1,AGUA
17,208,-1,AGUA
21,373,-1,AGUA
25,241,-1,AGUA
27,121,-1,AGUA
28,393,-1,AGUA
29,195,-1,AGUA
20,101,-1,AGUA
28,0,-1,AGUA
31,177,-1,AGUA
16,15,-1,AGUA
17,233,-1,AGUA
19,101,-1,AGUA
17,221,-1,AGUA
29,183,-1,AGUA
27,108,-1,AGUA
19,113,-1,AGUA
29,171,-1,AGUA
19,7,-1,AGUA
19,137,-1,AGUA
18,289,-1,AGUA
31,224,-1,AGUA
16,40,-1,AGUA
18,277,-1,AGUA
19,125,-1,AGUA
31,248,-1,AGUA
19,402,-1,AGUA
19,150,-1,AGUA
16,27,-1,AGUA
16,215,-1,AGUA
18,290,-1,AGUA
19,149,-1,AGUA
24,329,-1,AGUA
19,186,-1,AGUA
22,284,-1,AGUA
16,240,-1,AGUA
26,128,-1,AGUA
22,272,-1,AGUA
29,339,-1,AGUA
19,198,-1,AGUA
24,305,-1,AGUA
16,239,-1,AGUA
19,162,-1,AGUA
18,204,-1,AGUA
29,340,-1,AGUA
26,116,-1,AGUA
24,317,-1,AGUA
19,174,-1,AGUA
29,352,-1,AGUA
26,104,-1,AGUA
22,296,-1,AGUA
16,252,-1,AGUA
24,103,-1,AGUA
22,235,-1,AGUA
28,309,-1,AGUA
20,412,-1,AGUA
29,364,-1,AGUA
25,410,-1,AGUA
26,189,-1,AGUA
17,28,-1,AGUA
22,304,-1,AGUA
24,115,-1,AGUA
22,247,-1,AGUA
26,190,-1,AGUA
30,289,-1,AGUA
27,302,-1,AGUA
22,260,-1,AGUA
24,127,-1,AGUA
18,216,-1,AGUA
20,400,-1,AGUA
21,179,-1,AGUA
27,314,-1,AGUA
22,259,-1,AGUA
18,228,-1,AGUA
24,139,-1,AGUA
30,277,-1,AGUA
17,16,-1,AGUA
21,155,-1,AGUA
26,141,-1,AGUA
22,341,-1,AGUA
27,326,-1,AGUA
30,265,-1,AGUA
26,153,-1,AGUA
21,167,-1,AGUA
18,241,-1,AGUA
30,253,-1,AGUA
27,338,-1,AGUA
27,363,-1,AGUA
26,165,-1,AGUA
22,316,-1,AGUA
21,131,-1,AGUA
22,211,-1,AGUA
22,328,-1,AGUA
18,265,-1,AGUA
30,241,-1,AGUA
18,253,-1,AGUA
26,177,-1,AGUA
27,351,-1,AGUA
21,143,-1,AGUA
22,223,-1,AGUA
23,410,-1,AGUA
29,291,-1,AGUA
29,266,-1,AGUA
21,371,-1,AGUA
23,409,-1,AGUA
16,408,-1,AGUA
29,278,-1,AGUA
26,209,-1,AGUA
17,99,-1,AGUA
17,2,-1,AGUA
26,210,-1,AGUA
28,403,-1,AGUA
28,2,-1,AGUA
28,287,-1,AGUA
28,299,-1,AGUA
17,412,-1,AGUA
18,202,-1,AGUA
29,205,-1,AGUA
28,263,-1,AGUA
28,275,-1,AGUA
29,217,-1,AGUA
17,400,-1,AGUA
29,230,-1,AGUA
22,9,-1,AGUA
25,93,-1,AGUA
17,328,-1,AGUA
29,229,-1,AGUA
29,254,-1,AGUA
21,93,-1,AGUA
17,316,-1,AGUA
17,304,-1,AGUA
29,242,-1,AGUA
26,126,-1,AGUA
29,98,-1,AGUA
19,103,-1,AGUA
26,114,-1,AGUA
26,151,-1,AGUA
19,127,-1,AGUA
29,337,-1,AGUA
19,115,-1,AGUA
26,102,-1,AGUA
29,349,-1,AGUA
26,163,-1,AGUA
28,202,-1,AGUA
29,9,-1,AGUA
21,287,-1,AGUA
28,238,-1,AGUA
19,140,-1,AGUA
29,350,-1,AGUA
28,226,-1,AGUA
17,341,-1,AGUA
21,275,-1,AGUA
19,139,-1,AGUA
28,214,-1,AGUA
21,299,-1,AGUA
31,358,-1,AGUA
21,263,-1,AGUA
29,362,-1,AGUA
28,251,-1,AGUA
17,353,-1,AGUA
29,37,-1,AGUA
17,365,-1,AGUA
19,164,-1,AGUA
26,138,-1,AGUA
19,152,-1,AGUA
23,17,-1,AGUA
18,214,-1,AGUA
22,270,-1,AGUA
30,279,-1,AGUA
18,226,-1,AGUA
23,29,-1,AGUA
29,398,-1,AGUA
18,238,-1,AGUA
22,269,-1,AGUA
17,26,-1,AGUA
30,267,-1,AGUA
19,176,-1,AGUA
21,251,-1,AGUA
30,243,-1,AGUA
18,251,-1,AGUA
30,255,-1,AGUA
22,294,-1,AGUA
17,38,-1,AGUA
29,13,-1,AGUA
19,188,-1,AGUA
22,282,-1,AGUA
22,306,-1,AGUA
25,1,-1,AGUA
26,175,-1,AGUA
16,120,-1,AGUA
18,275,-1,AGUA
22,221,-1,AGUA
22,233,-1,AGUA
30,231,-1,AGUA
22,318,-1,AGUA
26,187,-1,AGUA
18,263,-1,AGUA
22,245,-1,AGUA
18,299,-1,AGUA
22,257,-1,AGUA
30,9,-1,AGUA
17,14,-1,AGUA
18,287,-1,AGUA
26,199,-1,AGUA
19,404,-1,AGUA
20,235,-1,AGUA
22,367,-1,AGUA
28,155,-1,AGUA
23,170,-1,AGUA
23,169,-1,AGUA
22,355,-1,AGUA
27,353,-1,AGUA
28,143,-1,AGUA
23,182,-1,AGUA
23,157,-1,AGUA
20,259,-1,AGUA
19,42,-1,AGUA
22,343,-1,AGUA
27,341,-1,AGUA
20,223,-1,AGUA
22,331,-1,AGUA
28,192,-1,AGUA
25,131,-1,AGUA
25,143,-1,AGUA
27,365,-1,AGUA
20,247,-1,AGUA
28,131,-1,AGUA
17,111,-1,AGUA
17,123,-1,AGUA
23,108,-1,AGUA
23,121,-1,AGUA
22,208,-1,AGUA
27,206,-1,AGUA
30,363,-1,AGUA
19,17,-1,AGUA
17,135,-1,AGUA
23,42,-1,AGUA
28,180,-1,AGUA
19,30,-1,AGUA
20,211,-1,AGUA
27,96,-1,AGUA
28,179,-1,AGUA
23,145,-1,AGUA
28,167,-1,AGUA
23,133,-1,AGUA
30,351,-1,AGUA
28,95,-1,AGUA
19,29,-1,AGUA
27,218,-1,AGUA
23,30,-1,AGUA
16,266,-1,AGUA
17,172,-1,AGUA
19,211,-1,AGUA
17,160,-1,AGUA
31,39,-1,AGUA
16,278,-1,AGUA
31,322,-1,AGUA
16,242,-1,AGUA
18,9,-1,AGUA
31,346,-1,AGUA
31,15,-1,AGUA
31,334,-1,AGUA
17,147,-1,AGUA
31,263,-1,AGUA
16,325,-1,AGUA
17,159,-1,AGUA
25,155,-1,AGUA
16,349,-1,AGUA
23,326,-1,AGUA
31,226,-1,AGUA
25,167,-1,AGUA
28,10,-1,AGUA
23,338,-1,AGUA
23,302,-1,AGUA
16,291,-1,AGUA
23,91,-1,AGUA
23,194,-1,AGUA
29,325,-1,AGUA
17,196,-1,AGUA
28,34,-1,AGUA
29,313,-1,AGUA
23,314,-1,AGUA
17,184,-1,AGUA
16,362,-1,AGUA
25,179,-1,AGUA
28,22,-1,AGUA
22,18,-1,AGUA
27,135,-1,AGUA
29,301,-1,AGUA
22,137,-1,AGUA
23,399,-1,AGUA
22,150,-1,AGUA
24,201,-1,AGUA
27,123,-1,AGUA
22,125,-1,AGUA
22,162,-1,AGUA
23,363,-1,AGUA
18,118,-1,AGUA
20,363,-1,AGUA
22,402,-1,AGUA
19,5,-1,AGUA
20,351,-1,AGUA
27,172,-1,AGUA
27,111,-1,AGUA
18,106,-1,AGUA
23,351,-1,AGUA
22,149,-1,AGUA
24,249,-1,AGUA
25,373,-1,AGUA
18,131,-1,AGUA
24,237,-1,AGUA
18,155,-1,AGUA
27,160,-1,AGUA
25,19,-1,AGUA
22,43,-1,AGUA
16,313,-1,AGUA
26,18,-1,AGUA
27,159,-1,AGUA
22,113,-1,AGUA
26,8,-1,AGUA
20,127,-1,AGUA
22,31,-1,AGUA
16,301,-1,AGUA
24,225,-1,AGUA
27,147,-1,AGUA
22,101,-1,AGUA
25,361,-1,AGUA
20,139,-1,AGUA
24,213,-1,AGUA
19,223,-1,AGUA
18,143,-1,AGUA
21,19,-1,AGUA
26,43,-1,AGUA
20,15,-1,AGUA
19,235,-1,AGUA
20,27,-1,AGUA
19,247,-1,AGUA
27,35,-1,AGUA
18,192,-1,AGUA
20,39,-1,AGUA
19,259,-1,AGUA
18,167,-1,AGUA
26,31,-1,AGUA
19,260,-1,AGUA
18,180,-1,AGUA
18,179,-1,AGUA
27,184,-1,AGUA
28,106,-1,AGUA
19,272,-1,AGUA
19,284,-1,AGUA
21,309,-1,AGUA
28,118,-1,AGUA
26,307,-1,AGUA
27,196,-1,AGUA
22,198,-1,AGUA
27,412,-1,AGUA
26,92,-1,AGUA
22,174,-1,AGUA
27,23,-1,AGUA
27,400,-1,AGUA
26,320,-1,AGUA
18,407,-1,AGUA
27,11,-1,AGUA
22,186,-1,AGUA
22,92,-1,AGUA
19,296,-1,AGUA
26,319,-1,AGUA
22,321,-1,AGUA
19,20,-1,AGUA
30,365,-1,AGUA
19,19,-1,AGUA
30,353,-1,AGUA
18,37,-1,AGUA
24,191,-1,AGUA
16,146,-1,AGUA
30,341,-1,AGUA
28,407,-1,AGUA
19,44,-1,AGUA
29,107,-1,AGUA
22,369,-1,AGUA
22,308,-1,AGUA
19,32,-1,AGUA
27,98,-1,AGUA
22,370,-1,AGUA
29,132,-1,AGUA
24,117,-1,AGUA
18,98,-1,AGUA
29,144,-1,AGUA
29,119,-1,AGUA
24,129,-1,AGUA
22,357,-1,AGUA
17,333,-1,AGUA
22,345,-1,AGUA
29,120,-1,AGUA
17,321,-1,AGUA
22,333,-1,AGUA
29,193,-1,AGUA
31,401,-1,AGUA
17,308,-1,AGUA
29,181,-1,AGUA
29,168,-1,AGUA
23,405,-1,AGUA
29,156,-1,AGUA
16,195,-1,AGUA
26,112,-1,AGUA
22,394,-1,AGUA
26,100,-1,AGUA
18,104,-1,AGUA
18,13,-1,AGUA
28,258,-1,AGUA
22,298,-1,AGUA
24,303,-1,AGUA
21,141,-1,AGUA
28,246,-1,AGUA
18,128,-1,AGUA
19,298,-1,AGUA
21,153,-1,AGUA
18,116,-1,AGUA
28,271,-1,AGUA
27,101,-1,AGUA
24,327,-1,AGUA
22,286,-1,AGUA
28,234,-1,AGUA
19,286,-1,AGUA
18,141,-1,AGUA
24,315,-1,AGUA
27,149,-1,AGUA
22,249,-1,AGUA
25,29,-1,AGUA
16,217,-1,AGUA
18,190,-1,AGUA
18,177,-1,AGUA
19,225,-1,AGUA
19,213,-1,AGUA
22,250,-1,AGUA
27,137,-1,AGUA
18,189,-1,AGUA
18,153,-1,AGUA
22,274,-1,AGUA
28,283,-1,AGUA
27,113,-1,AGUA
24,339,-1,AGUA
19,201,-1,AGUA
27,125,-1,AGUA
16,230,-1,AGUA
29,94,-1,AGUA
22,262,-1,AGUA
25,17,-1,AGUA
28,295,-1,AGUA
18,165,-1,AGUA
22,404,-1,AGUA
27,13,-1,AGUA
30,5,-1,AGUA
27,198,-1,AGUA
29,45,-1,AGUA
31,161,-1,AGUA
22,213,-1,AGUA
25,400,-1,AGUA
17,345,-1,AGUA
27,37,-1,AGUA
22,225,-1,AGUA
27,162,-1,AGUA
22,237,-1,AGUA
24,105,-1,AGUA
27,150,-1,AGUA
25,412,-1,AGUA
17,357,-1,AGUA
19,237,-1,AGUA
17,369,-1,AGUA
31,124,-1,AGUA
28,209,-1,AGUA
19,249,-1,AGUA
19,250,-1,AGUA
27,304,-1,AGUA
27,316,-1,AGUA
17,370,-1,AGUA
18,405,-1,AGUA
21,189,-1,AGUA
27,174,-1,AGUA
17,394,-1,AGUA
27,328,-1,AGUA
21,165,-1,AGUA
19,262,-1,AGUA
28,222,-1,AGUA
19,274,-1,AGUA
29,21,-1,AGUA
21,177,-1,AGUA
21,319,-1,AGUA
28,210,-1,AGUA
22,201,-1,AGUA
27,186,-1,AGUA
21,307,-1,AGUA
29,33,-1,AGUA
17,0,-1,AGUA
18,346,-1,AGUA
19,321,-1,AGUA
23,34,-1,AGUA
18,334,-1,AGUA
31,317,-1,AGUA
23,10,-1,AGUA
18,371,-1,AGUA
18,310,-1,AGUA
23,22,-1,AGUA
18,322,-1,AGUA
28,14,-1,AGUA
19,308,-1,AGUA
28,187,-1,AGUA
23,309,-1,AGUA
20,255,-1,AGUA
23,95,-1,AGUA
20,267,-1,AGUA
28,38,-1,AGUA
23,190,-1,AGUA
18,395,-1,AGUA
20,243,-1,AGUA
28,199,-1,AGUA
18,309,-1,AGUA
23,310,-1,AGUA
28,26,-1,AGUA
22,96,-1,AGUA
20,279,-1,AGUA
24,41,-1,AGUA
19,394,-1,AGUA
23,177,-1,AGUA
22,191,-1,AGUA
23,189,-1,AGUA
29,215,-1,AGUA
23,358,-1,AGUA
29,203,-1,AGUA
25,135,-1,AGUA
29,227,-1,AGUA
25,147,-1,AGUA
23,346,-1,AGUA
25,111,-1,AGUA
20,231,-1,AGUA
29,408,-1,AGUA
17,115,-1,AGUA
25,159,-1,AGUA
23,395,-1,AGUA
23,322,-1,AGUA
29,240,-1,AGUA
17,103,-1,AGUA
29,239,-1,AGUA
23,334,-1,AGUA
29,264,-1,AGUA
17,140,-1,AGUA
29,276,-1,AGUA
31,330,-1,AGUA
29,252,-1,AGUA
17,152,-1,AGUA
29,288,-1,AGUA
17,127,-1,AGUA
17,139,-1,AGUA
16,411,-1,AGUA
31,354,-1,AGUA
23,371,-1,AGUA
25,123,-1,AGUA
31,23,-1,AGUA
30,147,-1,AGUA
16,364,-1,AGUA
31,11,-1,AGUA
30,135,-1,AGUA
30,159,-1,AGUA
17,188,-1,AGUA
30,123,-1,AGUA
17,176,-1,AGUA
30,111,-1,AGUA
17,164,-1,AGUA
21,95,-1,AGUA
27,294,-1,AGUA
17,404,-1,AGUA
30,412,-1,AGUA
21,297,-1,AGUA
30,400,-1,AGUA
18,7,-1,AGUA
26,315,-1,AGUA
22,178,-1,AGUA
26,258,-1,AGUA
20,367,-1,AGUA
28,126,-1,AGUA
22,35,-1,AGUA
26,303,-1,AGUA
25,353,-1,AGUA
23,141,-1,AGUA
26,246,-1,AGUA
20,355,-1,AGUA
21,261,-1,AGUA
25,365,-1,AGUA
23,128,-1,AGUA
21,285,-1,AGUA
27,233,-1,AGUA
28,138,-1,AGUA
28,99,-1,AGUA
22,23,-1,AGUA
27,208,-1,AGUA
26,340,-1,AGUA
23,165,-1,AGUA
22,11,-1,AGUA
26,222,-1,AGUA
22,154,-1,AGUA
28,102,-1,AGUA
23,153,-1,AGUA
26,327,-1,AGUA
26,339,-1,AGUA
25,341,-1,AGUA
26,234,-1,AGUA
22,166,-1,AGUA
21,273,-1,AGUA
28,114,-1,AGUA
19,370,-1,AGUA
27,221,-1,AGUA
22,117,-1,AGUA
27,282,-1,AGUA
28,175,-1,AGUA
27,269,-1,AGUA
19,369,-1,AGUA
22,105,-1,AGUA
19,357,-1,AGUA
26,352,-1,AGUA
28,163,-1,AGUA
26,295,-1,AGUA
19,93,-1,AGUA
27,270,-1,AGUA
16,109,-1,AGUA
26,283,-1,AGUA
22,142,-1,AGUA
20,331,-1,AGUA
28,151,-1,AGUA
27,245,-1,AGUA
19,333,-1,AGUA
24,5,-1,AGUA
23,104,-1,AGUA
23,0,-1,AGUA
19,345,-1,AGUA
22,130,-1,AGUA
26,364,-1,AGUA
27,257,-1,AGUA
18,358,-1,AGUA
22,129,-1,AGUA
20,343,-1,AGUA
23,116,-1,AGUA
26,271,-1,AGUA
27,318,-1,AGUA
28,12,-1,AGUA
17,211,-1,AGUA
25,255,-1,AGUA
25,279,-1,AGUA
25,243,-1,AGUA
18,393,-1,AGUA
17,223,-1,AGUA
23,180,-1,AGUA
25,231,-1,AGUA
17,247,-1,AGUA
18,356,-1,AGUA
27,331,-1,AGUA
27,343,-1,AGUA
17,235,-1,AGUA
18,344,-1,AGUA
23,192,-1,AGUA
28,36,-1,AGUA
23,155,-1,AGUA
27,367,-1,AGUA
31,5,-1,AGUA
17,272,-1,AGUA
17,284,-1,AGUA
18,332,-1,AGUA
17,260,-1,AGUA
23,179,-1,AGUA
17,259,-1,AGUA
18,320,-1,AGUA
24,31,-1,AGUA
23,143,-1,AGUA
17,296,-1,AGUA
27,355,-1,AGUA
18,307,-1,AGUA
18,319,-1,AGUA
23,167,-1,AGUA
25,267,-1,AGUA
16,220,-1,AGUA
28,310,-1,AGUA
22,406,-1,AGUA
19,396,-1,AGUA
16,219,-1,AGUA
28,322,-1,AGUA
20,159,-1,AGUA
24,239,-1,AGUA
20,147,-1,AGUA
28,334,-1,AGUA
28,346,-1,AGUA
16,232,-1,AGUA
30,402,-1,AGUA
24,227,-1,AGUA
16,37,-1,AGUA
16,281,-1,AGUA
20,123,-1,AGUA
28,358,-1,AGUA
20,135,-1,AGUA
16,327,-1,AGUA
16,256,-1,AGUA
16,339,-1,AGUA
16,13,-1,AGUA
20,111,-1,AGUA
16,268,-1,AGUA
29,406,-1,AGUA
28,371,-1,AGUA
30,101,-1,AGUA
22,103,-1,AGUA
27,296,-1,AGUA
29,323,-1,AGUA
28,395,-1,AGUA
27,284,-1,AGUA
29,311,-1,AGUA
27,260,-1,AGUA
22,127,-1,AGUA
27,259,-1,AGUA
27,272,-1,AGUA
30,149,-1,AGUA
31,258,-1,AGUA
22,115,-1,AGUA
16,303,-1,AGUA
19,3,-1,AGUA
26,28,-1,AGUA
22,21,-1,AGUA
31,209,-1,AGUA
24,203,-1,AGUA
24,215,-1,AGUA
26,16,-1,AGUA
26,41,-1,AGUA
25,351,-1,AGUA
23,9,-1,AGUA
26,293,-1,AGUA
19,95,-1,AGUA
22,94,-1,AGUA
19,372,-1,AGUA
26,281,-1,AGUA
23,106,-1,AGUA
19,360,-1,AGUA
19,359,-1,AGUA
25,363,-1,AGUA
26,268,-1,AGUA
22,188,-1,AGUA
23,131,-1,AGUA
28,97,-1,AGUA
23,118,-1,AGUA
26,317,-1,AGUA
22,45,-1,AGUA
26,256,-1,AGUA
28,307,-1,AGUA
19,347,-1,AGUA
27,402,-1,AGUA
22,33,-1,AGUA
26,305,-1,AGUA
27,235,-1,AGUA
19,323,-1,AGUA
19,34,-1,AGUA
26,330,-1,AGUA
22,164,-1,AGUA
27,223,-1,AGUA
22,176,-1,AGUA
19,22,-1,AGUA
22,140,-1,AGUA
27,247,-1,AGUA
19,335,-1,AGUA
27,211,-1,AGUA
26,329,-1,AGUA
22,139,-1,AGUA
30,137,-1,AGUA
20,13,-1,AGUA
26,354,-1,AGUA
18,368,-1,AGUA
20,402,-1,AGUA
30,125,-1,AGUA
26,342,-1,AGUA
30,113,-1,AGUA
20,37,-1,AGUA
22,152,-1,AGUA
19,311,-1,AGUA
18,96,-1,AGUA
29,129,-1,AGUA
29,117,-1,AGUA
29,130,-1,AGUA
21,209,-1,AGUA
24,7,-1,AGUA
29,105,-1,AGUA
16,112,-1,AGUA
26,207,-1,AGUA
26,366,-1,AGUA
28,405,-1,AGUA
29,178,-1,AGUA
16,148,-1,AGUA
26,232,-1,AGUA
29,166,-1,AGUA
18,212,-1,AGUA
26,244,-1,AGUA
24,107,-1,AGUA
26,219,-1,AGUA
18,224,-1,AGUA
29,142,-1,AGUA
18,248,-1,AGUA
26,220,-1,AGUA
16,136,-1,AGUA
24,119,-1,AGUA
18,236,-1,AGUA
29,154,-1,AGUA
17,331,-1,AGUA
16,185,-1,AGUA
18,11,-1,AGUA
29,191,-1,AGUA
28,4,-1,AGUA
16,161,-1,AGUA
17,318,-1,AGUA
28,297,-1,AGUA
18,200,-1,AGUA
23,287,-1,AGUA
24,193,-1,AGUA
18,35,-1,AGUA
24,181,-1,AGUA
17,306,-1,AGUA
23,275,-1,AGUA
18,23,-1,AGUA
24,313,-1,AGUA
23,407,-1,AGUA
16,197,-1,AGUA
23,299,-1,AGUA
29,335,-1,AGUA
24,301,-1,AGUA
25,91,-1,AGUA
26,401,-1,AGUA
28,212,-1,AGUA
29,347,-1,AGUA
26,161,-1,AGUA
23,226,-1,AGUA
23,238,-1,AGUA
24,349,-1,AGUA
21,187,-1,AGUA
28,200,-1,AGUA
29,359,-1,AGUA
23,214,-1,AGUA
26,173,-1,AGUA
21,175,-1,AGUA
26,197,-1,AGUA
24,325,-1,AGUA
26,136,-1,AGUA
23,251,-1,AGUA
21,151,-1,AGUA
29,360,-1,AGUA
28,236,-1,AGUA
26,185,-1,AGUA
23,202,-1,AGUA
26,124,-1,AGUA
21,163,-1,AGUA
28,224,-1,AGUA
24,337,-1,AGUA
23,263,-1,AGUA
30,99,-1,AGUA
29,372,-1,AGUA
28,273,-1,AGUA
29,396,-1,AGUA
19,105,-1,AGUA
28,285,-1,AGUA
24,398,-1,AGUA
29,96,-1,AGUA
19,117,-1,AGUA
28,248,-1,AGUA
22,2,-1,AGUA
19,130,-1,AGUA
26,148,-1,AGUA
31,393,-1,AGUA
30,269,-1,AGUA
19,129,-1,AGUA
17,343,-1,AGUA
16,207,-1,AGUA
30,257,-1,AGUA
28,261,-1,AGUA
30,233,-1,AGUA
17,97,-1,AGUA
19,406,-1,AGUA
29,11,-1,AGUA
31,138,-1,AGUA
18,261,-1,AGUA
19,154,-1,AGUA
17,355,-1,AGUA
17,367,-1,AGUA
19,178,-1,AGUA
30,245,-1,AGUA
29,23,-1,AGUA
19,142,-1,AGUA
25,3,-1,AGUA
18,285,-1,AGUA
29,35,-1,AGUA
24,43,-1,AGUA
30,221,-1,AGUA
18,273,-1,AGUA
19,166,-1,AGUA
17,36,-1,AGUA
18,297,-1,AGUA
30,7,-1,AGUA
17,12,-1,AGUA
19,191,-1,AGUA
21,199,-1,AGUA
17,9,-1,AGUA
27,306,-1,AGUA
