31,181,-23,AGUA
31,181,-21,AGUA
31,181,-22,AGUA
31,181,-20,AGUA
31,181,-18,AGUA
31,181,-19,AGUA
31,145,-20,AGUA
31,145,-23,AGUA
31,145,-22,AGUA
31,145,-21,AGUA
31,145,-17,AGUA
31,145,-19,AGUA
31,145,-18,AGUA
31,233,-20,AGUA
31,233,-21,AGUA
31,233,-22,AGUA
31,233,-23,AGUA
31,233,-17,AGUA
31,233,-18,AGUA
31,233,-19,AGUA
31,321,-22,AGUA
31,321,-21,AGUA
31,321,-23,AGUA
31,321,-20,AGUA
31,321,-19,AGUA
31,321,-18,AGUA
31,321,-17,AGUA
31,38,-22,AGUA
31,38,-23,AGUA
31,38,-20,AGUA
31,38,-21,AGUA
31,38,-19,AGUA
31,38,-17,AGUA
31,38,-18,AGUA
31,109,-20,AGUA
31,109,-21,AGUA
31,109,-22,AGUA
31,109,-23,AGUA
31,109,-17,AGUA
31,109,-18,AGUA
31,109,-19,AGUA
31,193,-19,AGUA
31,193,-18,AGUA
31,193,-23,AGUA
31,193,-22,AGUA
31,193,-21,AGUA
31,193,-20,AGUA
31,74,-18,AGUA
31,74,-17,AGUA
31,74,-19,AGUA
31,74,-21,AGUA
31,74,-20,AGUA
31,74,-23,AGUA
31,74,-22,AGUA
31,245,-21,AGUA
31,245,-20,AGUA
31,245,-23,AGUA
31,245,-22,AGUA
31,245,-18,AGUA
31,245,-17,AGUA
31,245,-19,AGUA
31,209,-19,AGUA
31,121,-17,AGUA
31,121,-19,AGUA
31,209,-17,AGUA
31,209,-18,AGUA
31,121,-18,AGUA
31,209,-22,AGUA
31,209,-23,AGUA
31,209,-20,AGUA
31,209,-21,AGUA
31,121,-20,AGUA
31,121,-22,AGUA
31,121,-21,AGUA
31,121,-23,AGUA
31,51,-19,AGUA
31,51,-18,AGUA
31,51,-23,AGUA
31,51,-20,AGUA
31,51,-22,AGUA
31,51,-21,AGUA
31,292,-23,AGUA
31,292,-22,AGUA
31,292,-21,AGUA
31,292,-20,AGUA
31,268,-20,AGUA
31,268,-22,AGUA
31,268,-21,AGUA
31,292,-19,AGUA
31,292,-18,AGUA
31,292,-17,AGUA
31,268,-23,AGUA
31,268,-19,AGUA
31,268,-18,AGUA
31,26,-17,AGUA
31,26,-19,AGUA
31,26,-18,AGUA
31,26,-23,AGUA
31,26,-20,AGUA
31,26,-22,AGUA
31,26,-21,AGUA
31,210,-22,AGUA
31,210,-23,AGUA
31,210,-20,AGUA
31,210,-21,AGUA
31,210,-19,AGUA
31,210,-17,AGUA
31,210,-18,AGUA
31,157,-17,AGUA
31,157,-18,AGUA
31,157,-19,AGUA
31,157,-20,AGUA
31,157,-21,AGUA
31,157,-22,AGUA
31,157,-23,AGUA
31,86,-20,AGUA
31,86,-23,AGUA
31,86,-21,AGUA
31,86,-22,AGUA
31,86,-18,AGUA
31,86,-19,AGUA
31,244,-19,AGUA
31,244,-18,AGUA
31,244,-20,AGUA
31,244,-23,AGUA
31,244,-22,AGUA
31,244,-21,AGUA
31,63,-22,AGUA
31,63,-23,AGUA
31,63,-20,AGUA
31,63,-21,AGUA
31,309,-20,AGUA
31,309,-21,AGUA
31,309,-22,AGUA
31,309,-23,AGUA
31,63,-19,AGUA
31,63,-18,AGUA
31,170,-20,AGUA
31,170,-23,AGUA
31,170,-22,AGUA
31,170,-21,AGUA
31,170,-17,AGUA
31,170,-19,AGUA
31,170,-18,AGUA
31,309,-17,AGUA
31,309,-18,AGUA
31,309,-19,AGUA
31,49,-18,AGUA
31,49,-17,AGUA
31,49,-19,AGUA
31,49,-21,AGUA
31,49,-20,AGUA
31,49,-23,AGUA
31,49,-22,AGUA
31,208,-20,AGUA
31,208,-21,AGUA
31,208,-22,AGUA
31,208,-23,AGUA
31,208,-17,AGUA
31,208,-18,AGUA
31,208,-19,AGUA
31,134,-18,AGUA
31,134,-19,AGUA
31,134,-20,AGUA
31,134,-21,AGUA
31,134,-22,AGUA
31,134,-23,AGUA
31,98,-23,AGUA
31,98,-22,AGUA
31,98,-21,AGUA
31,98,-20,AGUA
31,98,-19,AGUA
31,98,-18,AGUA
31,256,-18,AGUA
31,256,-19,AGUA
31,280,-18,AGUA
31,280,-19,AGUA
31,280,-23,AGUA
31,280,-21,AGUA
31,280,-22,AGUA
31,280,-20,AGUA
31,169,-19,AGUA
31,169,-18,AGUA
31,169,-23,AGUA
31,169,-20,AGUA
31,169,-22,AGUA
31,169,-21,AGUA
31,182,-17,AGUA
31,182,-18,AGUA
31,182,-19,AGUA
31,182,-20,AGUA
31,182,-21,AGUA
31,182,-22,AGUA
31,182,-23,AGUA
31,256,-20,AGUA
31,256,-21,AGUA
31,256,-22,AGUA
31,256,-23,AGUA
31,333,-19,AGUA
31,333,-17,AGUA
31,333,-18,AGUA
31,333,-22,AGUA
31,333,-23,AGUA
31,333,-20,AGUA
31,333,-21,AGUA
31,146,-18,AGUA
31,146,-19,AGUA
31,146,-21,AGUA
31,146,-20,AGUA
31,146,-23,AGUA
31,146,-22,AGUA
31,279,-23,AGUA
31,279,-20,AGUA
31,279,-21,AGUA
31,279,-22,AGUA
31,279,-18,AGUA
31,279,-19,AGUA
31,37,-20,AGUA
31,37,-21,AGUA
31,37,-22,AGUA
31,37,-23,AGUA
31,37,-18,AGUA
31,37,-19,AGUA
31,108,-17,AGUA
31,108,-18,AGUA
31,108,-19,AGUA
31,310,-18,AGUA
31,310,-19,AGUA
31,108,-20,AGUA
31,108,-21,AGUA
31,108,-22,AGUA
31,108,-23,AGUA
31,310,-20,AGUA
31,310,-23,AGUA
31,310,-21,AGUA
31,310,-22,AGUA
31,221,-23,AGUA
31,221,-22,AGUA
31,221,-21,AGUA
31,221,-20,AGUA
31,221,-19,AGUA
31,221,-18,AGUA
31,75,-23,AGUA
31,75,-22,AGUA
31,75,-21,AGUA
31,75,-20,AGUA
31,75,-19,AGUA
31,75,-18,AGUA
31,75,-17,AGUA
31,334,-20,AGUA
31,334,-21,AGUA
31,334,-22,AGUA
31,334,-23,AGUA
31,246,-23,AGUA
31,246,-22,AGUA
31,246,-21,AGUA
31,246,-20,AGUA
31,246,-19,AGUA
31,246,-18,AGUA
31,246,-17,AGUA
31,61,-19,AGUA
31,61,-18,AGUA
31,61,-22,AGUA
31,61,-23,AGUA
31,61,-20,AGUA
31,61,-21,AGUA
31,334,-18,AGUA
31,334,-19,AGUA
31,40,-18,AGUA
31,40,-19,AGUA
31,132,-18,AGUA
31,132,-19,AGUA
31,96,-19,AGUA
31,96,-18,AGUA
31,96,-17,AGUA
31,96,-23,AGUA
31,96,-22,AGUA
31,96,-21,AGUA
31,96,-20,AGUA
31,132,-23,AGUA
31,132,-20,AGUA
31,132,-21,AGUA
31,132,-22,AGUA
31,258,-18,AGUA
31,258,-19,AGUA
31,40,-21,AGUA
31,40,-22,AGUA
31,40,-20,AGUA
31,40,-23,AGUA
31,167,-19,AGUA
31,167,-18,AGUA
31,167,-20,AGUA
31,167,-22,AGUA
31,167,-21,AGUA
31,167,-23,AGUA
31,211,-20,AGUA
31,211,-23,AGUA
31,211,-21,AGUA
31,211,-22,AGUA
31,258,-20,AGUA
31,258,-21,AGUA
31,258,-22,AGUA
31,258,-23,AGUA
31,282,-18,AGUA
31,282,-19,AGUA
31,282,-17,AGUA
31,282,-21,AGUA
31,282,-22,AGUA
31,282,-20,AGUA
31,111,-22,AGUA
31,211,-17,AGUA
31,111,-23,AGUA
31,211,-18,AGUA
31,111,-20,AGUA
31,211,-19,AGUA
31,111,-21,AGUA
31,282,-23,AGUA
31,111,-19,AGUA
31,111,-17,AGUA
31,111,-18,AGUA
31,39,-18,AGUA
31,39,-19,AGUA
31,39,-17,AGUA
31,39,-21,AGUA
31,39,-22,AGUA
31,39,-23,AGUA
31,39,-20,AGUA
31,270,-21,AGUA
31,270,-20,AGUA
31,270,-23,AGUA
31,270,-22,AGUA
31,270,-18,AGUA
31,270,-19,AGUA
31,322,-23,AGUA
31,322,-22,AGUA
31,322,-21,AGUA
31,322,-20,AGUA
31,191,-18,AGUA
31,191,-17,AGUA
31,191,-19,AGUA
31,191,-21,AGUA
31,191,-20,AGUA
31,191,-23,AGUA
31,191,-22,AGUA
31,322,-19,AGUA
31,322,-18,AGUA
31,179,-22,AGUA
31,179,-23,AGUA
31,179,-20,AGUA
31,179,-21,AGUA
31,179,-19,AGUA
31,179,-18,AGUA
31,223,-19,AGUA
31,223,-18,AGUA
31,223,-17,AGUA
31,223,-23,AGUA
31,223,-22,AGUA
31,223,-21,AGUA
31,223,-20,AGUA
31,144,-23,AGUA
31,144,-22,AGUA
31,144,-21,AGUA
31,144,-20,AGUA
31,144,-19,AGUA
31,144,-18,AGUA
31,73,-19,AGUA
31,73,-18,AGUA
31,73,-17,AGUA
31,73,-22,AGUA
31,73,-21,AGUA
31,73,-20,AGUA
31,73,-23,AGUA
31,156,-23,AGUA
31,156,-21,AGUA
31,156,-22,AGUA
31,156,-20,AGUA
31,156,-18,AGUA
31,156,-19,AGUA
31,156,-17,AGUA
31,323,-19,AGUA
31,323,-18,AGUA
31,323,-20,AGUA
31,323,-22,AGUA
31,323,-21,AGUA
31,323,-23,AGUA
31,192,-20,AGUA
31,192,-22,AGUA
31,192,-21,AGUA
31,192,-23,AGUA
31,192,-19,AGUA
31,192,-18,AGUA
31,50,-23,AGUA
31,50,-22,AGUA
31,50,-21,AGUA
31,50,-20,AGUA
31,50,-19,AGUA
31,50,-18,AGUA
31,50,-17,AGUA
31,222,-19,AGUA
31,222,-18,AGUA
31,222,-17,AGUA
31,293,-23,AGUA
31,311,-17,AGUA
31,311,-18,AGUA
31,311,-19,AGUA
31,222,-22,AGUA
31,222,-21,AGUA
31,222,-23,AGUA
31,222,-20,AGUA
31,269,-18,AGUA
31,269,-17,AGUA
31,269,-19,AGUA
31,269,-21,AGUA
31,269,-20,AGUA
31,269,-23,AGUA
31,269,-22,AGUA
31,311,-20,AGUA
31,311,-21,AGUA
31,311,-22,AGUA
31,311,-23,AGUA
31,122,-23,AGUA
31,122,-22,AGUA
31,122,-21,AGUA
31,122,-20,AGUA
31,293,-19,AGUA
31,293,-18,AGUA
31,122,-19,AGUA
31,122,-18,AGUA
31,122,-17,AGUA
31,293,-20,AGUA
31,293,-22,AGUA
31,293,-21,AGUA
31,27,-18,AGUA
31,27,-17,AGUA
31,27,-19,AGUA
31,27,-21,AGUA
31,27,-20,AGUA
31,27,-23,AGUA
31,27,-22,AGUA
31,85,-22,AGUA
31,85,-23,AGUA
31,85,-20,AGUA
31,85,-21,AGUA
31,85,-19,AGUA
31,85,-17,AGUA
31,85,-18,AGUA
31,180,-17,AGUA
31,180,-18,AGUA
31,180,-19,AGUA
31,180,-20,AGUA
31,180,-21,AGUA
31,180,-22,AGUA
31,180,-23,AGUA
31,110,-23,AGUA
31,110,-21,AGUA
31,110,-22,AGUA
31,110,-20,AGUA
31,110,-18,AGUA
31,110,-19,AGUA
31,110,-17,AGUA
31,62,-20,AGUA
31,62,-21,AGUA
31,62,-22,AGUA
31,62,-23,AGUA
31,62,-18,AGUA
31,62,-19,AGUA
31,133,-18,AGUA
31,133,-19,AGUA
31,234,-22,AGUA
31,234,-23,AGUA
31,234,-20,AGUA
31,234,-21,AGUA
31,234,-19,AGUA
31,234,-17,AGUA
31,234,-18,AGUA
31,133,-20,AGUA
31,133,-21,AGUA
31,133,-22,AGUA
31,133,-23,AGUA
31,97,-22,AGUA
31,97,-21,AGUA
31,97,-23,AGUA
31,97,-20,AGUA
31,97,-19,AGUA
31,97,-18,AGUA
31,257,-21,AGUA
31,257,-22,AGUA
31,257,-20,AGUA
31,257,-23,AGUA
31,168,-19,AGUA
31,168,-18,AGUA
31,257,-18,AGUA
31,257,-19,AGUA
31,257,-17,AGUA
31,168,-23,AGUA
31,168,-22,AGUA
31,168,-21,AGUA
31,168,-20,AGUA
31,281,-20,AGUA
31,281,-21,AGUA
31,281,-22,AGUA
31,281,-23,AGUA
31,281,-18,AGUA
31,281,-19,AGUA
31,47,-18,AGUA
31,47,-19,AGUA
31,47,-21,AGUA
31,47,-20,AGUA
31,47,-23,AGUA
31,47,-22,AGUA
31,260,-18,AGUA
31,260,-19,AGUA
31,260,-20,AGUA
31,260,-21,AGUA
31,260,-22,AGUA
31,260,-23,AGUA
31,83,-20,AGUA
31,83,-21,AGUA
31,83,-22,AGUA
31,83,-23,AGUA
31,330,-18,AGUA
31,330,-19,AGUA
31,190,-23,AGUA
31,190,-20,AGUA
31,190,-22,AGUA
31,190,-21,AGUA
31,190,-17,AGUA
31,190,-19,AGUA
31,190,-18,AGUA
31,106,-22,AGUA
31,106,-23,AGUA
31,106,-20,AGUA
31,106,-21,AGUA
31,106,-19,AGUA
31,106,-17,AGUA
31,106,-18,AGUA
31,224,-23,AGUA
31,224,-20,AGUA
31,224,-22,AGUA
31,224,-21,AGUA
31,224,-17,AGUA
31,224,-19,AGUA
31,224,-18,AGUA
31,295,-22,AGUA
31,295,-21,AGUA
31,295,-23,AGUA
31,330,-23,AGUA
31,330,-20,AGUA
31,330,-21,AGUA
31,330,-22,AGUA
31,83,-18,AGUA
31,83,-19,AGUA
31,295,-19,AGUA
31,295,-18,AGUA
31,295,-20,AGUA
31,154,-21,AGUA
31,154,-22,AGUA
31,154,-20,AGUA
31,154,-23,AGUA
31,154,-18,AGUA
31,154,-19,AGUA
31,59,-23,AGUA
31,59,-21,AGUA
31,59,-22,AGUA
31,59,-20,AGUA
31,59,-18,AGUA
31,59,-19,AGUA
31,59,-17,AGUA
31,236,-22,AGUA
31,236,-23,AGUA
31,236,-20,AGUA
31,236,-21,AGUA
31,236,-19,AGUA
31,236,-18,AGUA
31,166,-21,AGUA
31,166,-20,AGUA
31,166,-23,AGUA
31,166,-22,AGUA
31,166,-18,AGUA
31,166,-19,AGUA
31,306,-17,AGUA
31,306,-18,AGUA
31,306,-19,AGUA
31,306,-20,AGUA
31,306,-21,AGUA
31,306,-22,AGUA
31,306,-23,AGUA
31,35,-17,AGUA
31,35,-18,AGUA
31,35,-19,AGUA
31,35,-21,AGUA
31,35,-22,AGUA
31,35,-23,AGUA
31,35,-20,AGUA
31,23,-18,AGUA
31,23,-17,AGUA
31,23,-19,AGUA
31,23,-21,AGUA
31,23,-20,AGUA
31,23,-23,AGUA
31,23,-22,AGUA
31,95,-17,AGUA
31,95,-19,AGUA
31,95,-18,AGUA
31,95,-20,AGUA
31,95,-22,AGUA
31,95,-21,AGUA
31,95,-23,AGUA
31,259,-17,AGUA
31,259,-18,AGUA
31,259,-19,AGUA
31,259,-23,AGUA
31,259,-21,AGUA
31,259,-22,AGUA
31,259,-20,AGUA
31,131,-19,AGUA
31,131,-17,AGUA
31,131,-18,AGUA
31,189,-19,AGUA
31,189,-18,AGUA
31,131,-22,AGUA
31,131,-23,AGUA
31,131,-20,AGUA
31,131,-21,AGUA
31,189,-23,AGUA
31,189,-22,AGUA
31,189,-21,AGUA
31,189,-20,AGUA
31,329,-18,AGUA
31,329,-19,AGUA
31,60,-17,AGUA
31,60,-18,AGUA
31,60,-19,AGUA
31,329,-23,AGUA
31,329,-21,AGUA
31,329,-22,AGUA
31,329,-20,AGUA
31,201,-18,AGUA
31,201,-19,AGUA
31,60,-21,AGUA
31,60,-22,AGUA
31,60,-23,AGUA
31,60,-20,AGUA
31,201,-21,AGUA
31,201,-20,AGUA
31,201,-23,AGUA
31,201,-22,AGUA
31,129,-18,AGUA
31,129,-19,AGUA
31,129,-21,AGUA
31,129,-22,AGUA
31,129,-20,AGUA
31,129,-23,AGUA
31,283,-20,AGUA
31,283,-21,AGUA
31,283,-19,AGUA
31,283,-18,AGUA
31,283,-22,AGUA
31,283,-23,AGUA
31,72,-21,AGUA
31,72,-20,AGUA
31,72,-23,AGUA
31,72,-22,AGUA
31,72,-18,AGUA
31,72,-19,AGUA
31,318,-17,AGUA
31,318,-19,AGUA
31,318,-18,AGUA
31,318,-20,AGUA
31,318,-23,AGUA
31,318,-22,AGUA
31,318,-21,AGUA
31,235,-23,AGUA
31,235,-20,AGUA
31,235,-21,AGUA
31,235,-22,AGUA
31,235,-17,AGUA
31,235,-18,AGUA
31,235,-19,AGUA
31,178,-21,AGUA
31,178,-22,AGUA
31,178,-23,AGUA
31,178,-20,AGUA
31,178,-18,AGUA
31,178,-19,AGUA
31,117,-18,AGUA
31,117,-17,AGUA
31,117,-19,AGUA
31,117,-21,AGUA
31,117,-20,AGUA
31,117,-23,AGUA
31,117,-22,AGUA
31,143,-19,AGUA
31,143,-18,AGUA
31,143,-17,AGUA
31,271,-19,AGUA
31,271,-18,AGUA
31,271,-22,AGUA
31,271,-21,AGUA
31,271,-20,AGUA
31,143,-23,AGUA
31,143,-22,AGUA
31,143,-21,AGUA
31,143,-20,AGUA
31,271,-23,AGUA
31,200,-19,AGUA
31,200,-18,AGUA
31,200,-23,AGUA
31,200,-22,AGUA
31,200,-21,AGUA
31,200,-20,AGUA
31,46,-23,AGUA
31,46,-22,AGUA
31,46,-21,AGUA
31,46,-20,AGUA
31,342,-19,AGUA
31,342,-18,AGUA
31,342,-17,AGUA
31,342,-23,AGUA
31,342,-22,AGUA
31,342,-21,AGUA
31,342,-20,AGUA
31,46,-19,AGUA
31,46,-18,AGUA
31,105,-21,AGUA
31,105,-22,AGUA
31,105,-23,AGUA
31,105,-20,AGUA
31,105,-18,AGUA
31,105,-19,AGUA
31,247,-23,AGUA
31,247,-22,AGUA
31,247,-21,AGUA
31,247,-20,AGUA
31,247,-19,AGUA
31,247,-18,AGUA
31,34,-18,AGUA
31,294,-23,AGUA
31,294,-22,AGUA
31,34,-19,AGUA
31,34,-20,AGUA
31,34,-21,AGUA
31,34,-22,AGUA
31,34,-23,AGUA
31,294,-21,AGUA
31,294,-20,AGUA
31,294,-19,AGUA
31,294,-18,AGUA
31,294,-17,AGUA
31,84,-23,AGUA
31,84,-21,AGUA
31,84,-22,AGUA
31,84,-20,AGUA
31,84,-18,AGUA
31,84,-19,AGUA
31,212,-20,AGUA
31,212,-21,AGUA
31,212,-22,AGUA
31,212,-23,AGUA
31,155,-20,AGUA
31,155,-21,AGUA
31,212,-17,AGUA
31,155,-22,AGUA
31,212,-18,AGUA
31,155,-23,AGUA
31,212,-19,AGUA
31,155,-17,AGUA
31,155,-18,AGUA
31,155,-19,AGUA
31,237,-17,AGUA
31,237,-18,AGUA
31,237,-19,AGUA
31,237,-21,AGUA
31,237,-22,AGUA
31,237,-23,AGUA
31,237,-20,AGUA
31,120,-19,AGUA
31,120,-18,AGUA
31,120,-23,AGUA
31,120,-22,AGUA
31,176,-20,AGUA
31,176,-21,AGUA
31,120,-21,AGUA
31,176,-22,AGUA
31,120,-20,AGUA
31,176,-23,AGUA
31,176,-18,AGUA
31,176,-19,AGUA
31,307,-17,AGUA
31,307,-18,AGUA
31,307,-19,AGUA
31,307,-20,AGUA
31,307,-21,AGUA
31,307,-22,AGUA
31,307,-23,AGUA
31,25,-19,AGUA
31,25,-18,AGUA
31,25,-17,AGUA
31,25,-23,AGUA
31,25,-22,AGUA
31,25,-21,AGUA
31,25,-20,AGUA
31,273,-19,AGUA
31,273,-18,AGUA
31,188,-21,AGUA
31,188,-20,AGUA
31,273,-20,AGUA
31,188,-23,AGUA
31,188,-22,AGUA
31,188,-18,AGUA
31,188,-19,AGUA
31,202,-22,AGUA
31,202,-21,AGUA
31,202,-20,AGUA
31,202,-23,AGUA
31,273,-23,AGUA
31,273,-22,AGUA
31,273,-21,AGUA
31,202,-19,AGUA
31,202,-18,AGUA
31,70,-21,AGUA
31,70,-20,AGUA
31,70,-23,AGUA
31,70,-22,AGUA
31,70,-18,AGUA
31,70,-19,AGUA
31,141,-17,AGUA
31,141,-19,AGUA
31,141,-18,AGUA
31,141,-20,AGUA
31,141,-23,AGUA
31,141,-22,AGUA
31,141,-21,AGUA
31,48,-22,AGUA
31,48,-21,AGUA
31,48,-20,AGUA
31,48,-23,AGUA
31,261,-20,AGUA
31,261,-21,AGUA
31,261,-18,AGUA
31,261,-19,AGUA
31,261,-22,AGUA
31,261,-23,AGUA
31,319,-18,AGUA
31,319,-19,AGUA
31,82,-20,AGUA
31,82,-23,AGUA
31,82,-21,AGUA
31,82,-22,AGUA
31,319,-21,AGUA
31,319,-20,AGUA
31,319,-23,AGUA
31,319,-22,AGUA
31,331,-17,AGUA
31,331,-18,AGUA
31,331,-19,AGUA
31,331,-20,AGUA
31,331,-21,AGUA
31,331,-22,AGUA
31,331,-23,AGUA
31,82,-18,AGUA
31,82,-19,AGUA
31,48,-19,AGUA
31,48,-18,AGUA
31,48,-17,AGUA
31,82,-17,AGUA
31,119,-23,AGUA
31,119,-22,AGUA
31,119,-21,AGUA
31,119,-20,AGUA
31,119,-19,AGUA
31,119,-18,AGUA
31,119,-17,AGUA
31,249,-18,AGUA
31,249,-19,AGUA
31,107,-17,AGUA
31,107,-18,AGUA
31,107,-19,AGUA
31,107,-23,AGUA
31,107,-20,AGUA
31,107,-21,AGUA
31,107,-22,AGUA
31,249,-21,AGUA
31,249,-20,AGUA
31,249,-23,AGUA
31,249,-22,AGUA
31,214,-20,AGUA
31,214,-21,AGUA
31,214,-22,AGUA
31,214,-23,AGUA
31,214,-19,AGUA
31,214,-18,AGUA
31,296,-23,AGUA
31,296,-22,AGUA
31,296,-21,AGUA
31,296,-20,AGUA
31,153,-20,AGUA
31,153,-21,AGUA
31,153,-22,AGUA
31,153,-23,AGUA
31,296,-19,AGUA
31,296,-18,AGUA
31,296,-17,AGUA
31,153,-18,AGUA
31,153,-19,AGUA
31,58,-20,AGUA
31,58,-21,AGUA
31,58,-22,AGUA
31,58,-23,AGUA
31,58,-18,AGUA
31,58,-19,AGUA
31,332,-17,AGUA
31,332,-18,AGUA
31,332,-19,AGUA
31,332,-20,AGUA
31,332,-21,AGUA
31,332,-22,AGUA
31,332,-23,AGUA
31,165,-23,AGUA
31,165,-20,AGUA
31,165,-22,AGUA
31,165,-21,AGUA
31,165,-17,AGUA
31,165,-19,AGUA
31,165,-18,AGUA
31,248,-17,AGUA
31,36,-22,AGUA
31,36,-23,AGUA
31,36,-20,AGUA
31,36,-21,AGUA
31,248,-19,AGUA
31,248,-18,AGUA
31,248,-23,AGUA
31,248,-22,AGUA
31,248,-21,AGUA
31,248,-20,AGUA
31,36,-19,AGUA
31,36,-17,AGUA
31,36,-18,AGUA
31,94,-19,AGUA
31,94,-18,AGUA
31,94,-17,AGUA
31,94,-23,AGUA
31,94,-22,AGUA
31,94,-21,AGUA
31,94,-20,AGUA
31,284,-23,AGUA
31,284,-21,AGUA
31,284,-22,AGUA
31,213,-18,AGUA
31,213,-19,AGUA
31,213,-17,AGUA
31,284,-17,AGUA
31,284,-18,AGUA
31,284,-19,AGUA
31,284,-20,AGUA
31,130,-17,AGUA
31,130,-18,AGUA
31,130,-19,AGUA
31,130,-20,AGUA
31,130,-21,AGUA
31,130,-22,AGUA
31,130,-23,AGUA
31,213,-21,AGUA
31,213,-22,AGUA
31,213,-20,AGUA
31,213,-23,AGUA
31,177,-19,AGUA
31,320,-19,AGUA
31,320,-18,AGUA
31,177,-18,AGUA
31,320,-23,AGUA
31,320,-22,AGUA
31,320,-21,AGUA
31,320,-20,AGUA
31,308,-19,AGUA
31,308,-17,AGUA
31,308,-18,AGUA
31,308,-22,AGUA
31,308,-23,AGUA
31,308,-20,AGUA
31,308,-21,AGUA
31,177,-22,AGUA
31,177,-23,AGUA
31,177,-20,AGUA
31,177,-21,AGUA
31,24,-17,AGUA
31,24,-19,AGUA
31,24,-18,AGUA
31,24,-22,AGUA
31,24,-21,AGUA
31,24,-23,AGUA
31,24,-20,AGUA
31,118,-23,AGUA
31,118,-22,AGUA
31,118,-21,AGUA
31,118,-20,AGUA
31,118,-19,AGUA
31,118,-18,AGUA
31,225,-21,AGUA
31,225,-20,AGUA
31,225,-23,AGUA
31,225,-22,AGUA
31,225,-19,AGUA
31,272,-21,AGUA
31,272,-20,AGUA
31,272,-18,AGUA
31,225,-18,AGUA
31,225,-17,AGUA
31,272,-19,AGUA
31,272,-23,AGUA
31,272,-22,AGUA
31,142,-18,AGUA
31,142,-19,AGUA
31,142,-21,AGUA
31,142,-20,AGUA
31,142,-23,AGUA
31,142,-22,AGUA
31,71,-23,AGUA
31,71,-22,AGUA
31,71,-21,AGUA
31,71,-20,AGUA
31,71,-17,AGUA
31,71,-19,AGUA
31,71,-18,AGUA
31,163,-18,AGUA
31,163,-19,AGUA
31,163,-17,AGUA
31,56,-19,AGUA
31,163,-20,AGUA
31,56,-17,AGUA
31,56,-18,AGUA
31,56,-20,AGUA
31,56,-21,AGUA
31,163,-21,AGUA
31,163,-22,AGUA
31,163,-23,AGUA
31,56,-22,AGUA
31,56,-23,AGUA
31,251,-23,AGUA
31,251,-21,AGUA
31,251,-22,AGUA
31,251,-20,AGUA
31,251,-18,AGUA
31,251,-19,AGUA
31,251,-17,AGUA
31,92,-21,AGUA
31,92,-20,AGUA
31,92,-23,AGUA
31,92,-22,AGUA
31,92,-18,AGUA
31,92,-17,AGUA
31,338,-23,AGUA
31,338,-20,AGUA
31,338,-22,AGUA
31,92,-19,AGUA
31,338,-21,AGUA
31,115,-19,AGUA
31,115,-18,AGUA
31,115,-22,AGUA
31,115,-23,AGUA
31,115,-20,AGUA
31,115,-21,AGUA
31,44,-19,AGUA
31,44,-18,AGUA
31,44,-17,AGUA
31,286,-19,AGUA
31,286,-18,AGUA
31,286,-17,AGUA
31,286,-22,AGUA
31,286,-21,AGUA
31,286,-20,AGUA
31,286,-23,AGUA
31,215,-17,AGUA
31,215,-19,AGUA
31,215,-18,AGUA
31,215,-20,AGUA
31,215,-23,AGUA
31,215,-22,AGUA
31,215,-21,AGUA
31,44,-23,AGUA
31,44,-22,AGUA
31,44,-21,AGUA
31,44,-20,AGUA
31,139,-19,AGUA
31,139,-17,AGUA
31,139,-18,AGUA
31,326,-20,AGUA
31,326,-21,AGUA
31,326,-22,AGUA
31,326,-23,AGUA
31,326,-18,AGUA
31,326,-19,AGUA
31,103,-19,AGUA
31,103,-18,AGUA
31,103,-17,AGUA
31,103,-23,AGUA
31,103,-22,AGUA
31,103,-21,AGUA
31,103,-20,AGUA
31,139,-22,AGUA
31,139,-23,AGUA
31,139,-20,AGUA
31,139,-21,AGUA
31,175,-18,AGUA
31,175,-19,AGUA
31,68,-19,AGUA
31,68,-18,AGUA
31,68,-17,AGUA
31,68,-22,AGUA
31,68,-21,AGUA
31,68,-23,AGUA
31,68,-20,AGUA
31,175,-21,AGUA
31,175,-20,AGUA
31,175,-23,AGUA
31,175,-22,AGUA
31,32,-22,AGUA
31,32,-23,AGUA
31,32,-20,AGUA
31,32,-21,AGUA
31,32,-19,AGUA
31,32,-17,AGUA
31,32,-18,AGUA
31,274,-19,AGUA
31,274,-18,AGUA
31,274,-22,AGUA
31,274,-23,AGUA
31,274,-20,AGUA
31,274,-21,AGUA
31,303,-18,AGUA
31,303,-19,AGUA
31,338,-19,AGUA
31,338,-18,AGUA
31,303,-17,AGUA
31,303,-21,AGUA
31,303,-22,AGUA
31,303,-23,AGUA
31,303,-20,AGUA
31,227,-18,AGUA
31,227,-19,AGUA
31,227,-20,AGUA
31,227,-21,AGUA
31,227,-22,AGUA
31,227,-23,AGUA
31,198,-23,AGUA
31,198,-20,AGUA
31,198,-22,AGUA
31,198,-21,AGUA
31,198,-17,AGUA
31,198,-19,AGUA
31,198,-18,AGUA
31,140,-22,AGUA
31,140,-23,AGUA
31,140,-20,AGUA
31,140,-21,AGUA
31,140,-17,AGUA
31,140,-18,AGUA
31,140,-19,AGUA
31,81,-20,AGUA
31,81,-21,AGUA
31,81,-22,AGUA
31,81,-23,AGUA
31,81,-18,AGUA
31,81,-19,AGUA
31,20,-20,AGUA
31,20,-22,AGUA
31,20,-21,AGUA
31,20,-23,AGUA
31,20,-19,AGUA
31,20,-18,AGUA
31,262,-22,AGUA
31,262,-21,AGUA
31,262,-23,AGUA
31,262,-19,AGUA
31,262,-18,AGUA
31,262,-20,AGUA
31,339,-21,AGUA
31,339,-20,AGUA
31,339,-23,AGUA
31,339,-22,AGUA
31,339,-18,AGUA
31,339,-17,AGUA
31,339,-19,AGUA
31,152,-22,AGUA
31,152,-21,AGUA
31,152,-23,AGUA
31,199,-21,AGUA
31,199,-20,AGUA
31,199,-23,AGUA
31,199,-22,AGUA
31,199,-18,AGUA
31,199,-17,AGUA
31,199,-19,AGUA
31,152,-17,AGUA
31,152,-19,AGUA
31,152,-18,AGUA
31,152,-20,AGUA
31,315,-21,AGUA
31,315,-20,AGUA
31,315,-23,AGUA
31,315,-22,AGUA
31,297,-23,AGUA
31,297,-21,AGUA
31,297,-22,AGUA
31,297,-20,AGUA
31,226,-18,AGUA
31,226,-19,AGUA
31,315,-18,AGUA
31,315,-19,AGUA
31,226,-20,AGUA
31,226,-23,AGUA
31,226,-21,AGUA
31,226,-22,AGUA
31,126,-19,AGUA
31,126,-18,AGUA
31,297,-18,AGUA
31,297,-19,AGUA
31,126,-23,AGUA
31,126,-22,AGUA
31,126,-21,AGUA
31,126,-20,AGUA
31,57,-18,AGUA
31,57,-19,AGUA
31,57,-17,AGUA
31,164,-19,AGUA
31,164,-18,AGUA
31,57,-23,AGUA
31,57,-21,AGUA
31,57,-22,AGUA
31,164,-22,AGUA
31,57,-20,AGUA
31,164,-23,AGUA
31,164,-20,AGUA
31,164,-21,AGUA
31,238,-19,AGUA
31,238,-18,AGUA
31,238,-23,AGUA
31,238,-22,AGUA
31,238,-21,AGUA
31,238,-20,AGUA
31,250,-20,AGUA
31,250,-21,AGUA
31,250,-18,AGUA
31,250,-19,AGUA
31,250,-22,AGUA
31,250,-23,AGUA
31,93,-20,AGUA
31,93,-22,AGUA
31,93,-21,AGUA
31,93,-23,AGUA
31,93,-19,AGUA
31,93,-18,AGUA
31,187,-21,AGUA
31,187,-22,AGUA
31,187,-20,AGUA
31,187,-23,AGUA
31,187,-18,AGUA
31,187,-19,AGUA
31,285,-21,AGUA
31,285,-20,AGUA
31,285,-23,AGUA
31,285,-22,AGUA
31,285,-18,AGUA
31,285,-19,AGUA
31,69,-19,AGUA
31,69,-18,AGUA
31,203,-20,AGUA
31,203,-21,AGUA
31,203,-22,AGUA
31,203,-23,AGUA
31,203,-19,AGUA
31,69,-23,AGUA
31,69,-22,AGUA
31,69,-21,AGUA
31,69,-20,AGUA
31,203,-17,AGUA
31,203,-18,AGUA
31,19,-22,AGUA
31,19,-21,AGUA
31,19,-20,AGUA
31,19,-23,AGUA
31,19,-19,AGUA
31,19,-18,AGUA
31,19,-17,AGUA
31,114,-18,AGUA
31,114,-19,AGUA
31,114,-23,AGUA
31,114,-21,AGUA
31,114,-22,AGUA
31,114,-20,AGUA
31,327,-21,AGUA
31,327,-22,AGUA
31,327,-20,AGUA
31,327,-23,AGUA
31,43,-21,AGUA
31,43,-20,AGUA
31,43,-23,AGUA
31,43,-22,AGUA
31,327,-18,AGUA
31,327,-19,AGUA
31,327,-17,AGUA
31,43,-18,AGUA
31,43,-17,AGUA
31,43,-19,AGUA
31,316,-23,AGUA
31,316,-22,AGUA
31,316,-21,AGUA
31,316,-20,AGUA
31,316,-19,AGUA
31,316,-18,AGUA
31,316,-17,AGUA
31,264,-23,AGUA
31,264,-20,AGUA
31,264,-22,AGUA
31,264,-21,AGUA
31,264,-17,AGUA
31,264,-19,AGUA
31,264,-18,AGUA
31,22,-23,AGUA
31,22,-20,AGUA
31,22,-22,AGUA
31,22,-21,AGUA
31,22,-19,AGUA
31,22,-18,AGUA
31,149,-20,AGUA
31,149,-23,AGUA
31,149,-22,AGUA
31,149,-21,AGUA
31,149,-19,AGUA
31,149,-18,AGUA
31,149,-17,AGUA
31,78,-17,AGUA
31,78,-18,AGUA
31,78,-19,AGUA
31,78,-22,AGUA
31,78,-23,AGUA
31,78,-20,AGUA
31,78,-21,AGUA
31,150,-17,AGUA
31,304,-22,AGUA
31,304,-23,AGUA
31,150,-19,AGUA
31,304,-20,AGUA
31,150,-18,AGUA
31,304,-21,AGUA
31,150,-20,AGUA
31,150,-22,AGUA
31,150,-21,AGUA
31,304,-19,AGUA
31,304,-17,AGUA
31,304,-18,AGUA
31,150,-23,AGUA
31,128,-23,AGUA
31,128,-22,AGUA
31,128,-21,AGUA
31,128,-20,AGUA
31,128,-19,AGUA
31,128,-18,AGUA
31,128,-17,AGUA
31,197,-23,AGUA
31,197,-22,AGUA
31,197,-21,AGUA
31,197,-20,AGUA
31,197,-19,AGUA
31,197,-18,AGUA
31,197,-17,AGUA
31,328,-18,AGUA
31,328,-19,AGUA
31,328,-20,AGUA
31,328,-21,AGUA
31,328,-22,AGUA
31,328,-23,AGUA
31,228,-21,AGUA
31,228,-22,AGUA
31,228,-20,AGUA
31,228,-23,AGUA
31,299,-20,AGUA
31,299,-23,AGUA
31,299,-21,AGUA
31,299,-22,AGUA
31,228,-18,AGUA
31,228,-19,AGUA
31,228,-17,AGUA
31,299,-18,AGUA
31,299,-19,AGUA
31,252,-17,AGUA
31,252,-18,AGUA
31,252,-19,AGUA
31,55,-23,AGUA
31,55,-21,AGUA
31,55,-22,AGUA
31,55,-20,AGUA
31,55,-18,AGUA
31,55,-19,AGUA
31,55,-17,AGUA
31,252,-20,AGUA
31,252,-21,AGUA
31,252,-22,AGUA
31,252,-23,AGUA
31,91,-17,AGUA
31,91,-19,AGUA
31,91,-18,AGUA
31,91,-23,AGUA
31,91,-20,AGUA
31,91,-22,AGUA
31,91,-21,AGUA
31,162,-22,AGUA
31,162,-23,AGUA
31,162,-20,AGUA
31,162,-21,AGUA
31,162,-19,AGUA
31,162,-18,AGUA
31,116,-18,AGUA
31,116,-19,AGUA
31,205,-19,AGUA
31,205,-17,AGUA
31,205,-18,AGUA
31,205,-22,AGUA
31,205,-23,AGUA
31,205,-20,AGUA
31,205,-21,AGUA
31,116,-23,AGUA
31,116,-21,AGUA
31,116,-22,AGUA
31,116,-20,AGUA
31,287,-18,AGUA
31,287,-17,AGUA
31,287,-19,AGUA
31,287,-21,AGUA
31,287,-20,AGUA
31,287,-23,AGUA
31,287,-22,AGUA
31,185,-18,AGUA
31,185,-19,AGUA
31,185,-20,AGUA
31,185,-23,AGUA
31,185,-21,AGUA
31,185,-22,AGUA
31,340,-18,AGUA
31,340,-19,AGUA
31,340,-21,AGUA
31,340,-20,AGUA
31,340,-23,AGUA
31,340,-22,AGUA
31,45,-19,AGUA
31,45,-18,AGUA
31,45,-21,AGUA
31,45,-20,AGUA
31,45,-23,AGUA
31,45,-22,AGUA
31,138,-20,AGUA
31,138,-21,AGUA
31,138,-22,AGUA
31,138,-23,AGUA
31,174,-23,AGUA
31,174,-22,AGUA
31,174,-21,AGUA
31,239,-19,AGUA
31,239,-18,AGUA
31,138,-18,AGUA
31,138,-19,AGUA
31,138,-17,AGUA
31,239,-23,AGUA
31,239,-20,AGUA
31,239,-22,AGUA
31,239,-21,AGUA
31,67,-19,AGUA
31,67,-18,AGUA
31,67,-17,AGUA
31,67,-21,AGUA
31,67,-20,AGUA
31,67,-23,AGUA
31,67,-22,AGUA
31,305,-23,AGUA
31,305,-20,AGUA
31,305,-21,AGUA
31,305,-22,AGUA
31,174,-19,AGUA
31,174,-18,AGUA
31,305,-17,AGUA
31,305,-18,AGUA
31,305,-19,AGUA
31,174,-20,AGUA
31,104,-19,AGUA
31,104,-18,AGUA
31,104,-23,AGUA
31,104,-22,AGUA
31,104,-21,AGUA
31,104,-20,AGUA
31,275,-20,AGUA
31,275,-21,AGUA
31,275,-22,AGUA
31,275,-23,AGUA
31,204,-18,AGUA
31,204,-19,AGUA
31,186,-17,AGUA
31,186,-18,AGUA
31,186,-19,AGUA
31,204,-20,AGUA
31,204,-21,AGUA
31,204,-22,AGUA
31,204,-23,AGUA
31,186,-20,AGUA
31,186,-21,AGUA
31,186,-22,AGUA
31,186,-23,AGUA
31,275,-18,AGUA
31,275,-19,AGUA
31,33,-23,AGUA
31,33,-20,AGUA
31,33,-21,AGUA
31,33,-22,AGUA
31,33,-18,AGUA
31,33,-19,AGUA
31,341,-19,AGUA
31,341,-18,AGUA
31,341,-17,AGUA
31,341,-23,AGUA
31,341,-22,AGUA
31,341,-21,AGUA
31,341,-20,AGUA
31,80,-21,AGUA
31,80,-22,AGUA
31,80,-20,AGUA
31,80,-23,AGUA
31,317,-19,AGUA
31,317,-18,AGUA
31,317,-17,AGUA
31,317,-23,AGUA
31,317,-22,AGUA
31,317,-21,AGUA
31,317,-20,AGUA
31,80,-18,AGUA
31,80,-19,AGUA
31,21,-23,AGUA
31,21,-22,AGUA
31,21,-21,AGUA
31,21,-20,AGUA
31,21,-19,AGUA
31,21,-18,AGUA
31,21,-17,AGUA
31,263,-23,AGUA
31,263,-22,AGUA
31,263,-21,AGUA
31,263,-20,AGUA
31,263,-19,AGUA
31,263,-18,AGUA
31,79,-20,AGUA
31,79,-21,AGUA
31,79,-22,AGUA
31,79,-23,AGUA
31,79,-17,AGUA
31,79,-18,AGUA
31,79,-19,AGUA
31,151,-21,AGUA
31,151,-20,AGUA
31,151,-18,AGUA
31,151,-19,AGUA
31,151,-23,AGUA
31,151,-22,AGUA
31,216,-18,AGUA
31,216,-19,AGUA
31,216,-21,AGUA
31,216,-20,AGUA
31,216,-23,AGUA
31,216,-22,AGUA
31,298,-22,AGUA
31,298,-23,AGUA
31,298,-20,AGUA
31,298,-21,AGUA
31,127,-22,AGUA
31,240,-20,AGUA
31,127,-21,AGUA
31,127,-23,AGUA
31,127,-20,AGUA
31,240,-19,AGUA
31,240,-18,AGUA
31,240,-17,AGUA
31,298,-19,AGUA
31,240,-23,AGUA
31,240,-22,AGUA
31,240,-21,AGUA
31,127,-19,AGUA
31,127,-18,AGUA
31,298,-17,AGUA
31,298,-18,AGUA
31,172,-23,AGUA
31,289,-21,AGUA
31,289,-20,AGUA
31,289,-23,AGUA
31,289,-22,AGUA
31,289,-18,AGUA
31,289,-17,AGUA
31,289,-19,AGUA
31,172,-19,AGUA
31,172,-18,AGUA
31,172,-17,AGUA
31,172,-22,AGUA
31,172,-21,AGUA
31,172,-20,AGUA
31,136,-20,AGUA
31,136,-21,AGUA
31,136,-22,AGUA
31,136,-23,AGUA
31,136,-17,AGUA
31,136,-18,AGUA
31,136,-19,AGUA
31,206,-18,AGUA
31,206,-19,AGUA
31,206,-23,AGUA
31,206,-20,AGUA
31,206,-21,AGUA
31,206,-22,AGUA
31,65,-23,AGUA
31,65,-22,AGUA
31,65,-21,AGUA
31,65,-20,AGUA
31,65,-19,AGUA
31,65,-18,AGUA
31,65,-17,AGUA
31,124,-19,AGUA
31,124,-18,AGUA
31,124,-17,AGUA
31,124,-23,AGUA
31,124,-22,AGUA
31,124,-21,AGUA
31,124,-20,AGUA
31,230,-19,AGUA
31,230,-18,AGUA
31,230,-22,AGUA
31,230,-23,AGUA
31,230,-20,AGUA
31,230,-21,AGUA
31,29,-20,AGUA
31,29,-21,AGUA
31,29,-22,AGUA
31,29,-23,AGUA
31,300,-22,AGUA
31,300,-23,AGUA
31,300,-20,AGUA
31,300,-21,AGUA
31,300,-19,AGUA
31,300,-17,AGUA
31,300,-18,AGUA
31,29,-18,AGUA
31,29,-19,AGUA
31,254,-18,AGUA
31,254,-19,AGUA
31,184,-17,AGUA
31,184,-18,AGUA
31,184,-19,AGUA
31,184,-20,AGUA
31,184,-21,AGUA
31,184,-22,AGUA
31,184,-23,AGUA
31,148,-21,AGUA
31,148,-20,AGUA
31,148,-23,AGUA
31,148,-22,AGUA
31,148,-18,AGUA
31,148,-17,AGUA
31,148,-19,AGUA
31,218,-19,AGUA
31,218,-18,AGUA
31,218,-17,AGUA
31,218,-23,AGUA
31,218,-22,AGUA
31,218,-21,AGUA
31,218,-20,AGUA
31,265,-18,AGUA
31,265,-19,AGUA
31,265,-21,AGUA
31,265,-20,AGUA
31,265,-23,AGUA
31,265,-22,AGUA
31,335,-19,AGUA
31,335,-18,AGUA
31,277,-21,AGUA
31,277,-22,AGUA
31,277,-23,AGUA
31,277,-20,AGUA
31,335,-21,AGUA
31,335,-20,AGUA
31,335,-23,AGUA
31,335,-22,AGUA
31,277,-18,AGUA
31,277,-19,AGUA
31,277,-17,AGUA
31,41,-21,AGUA
31,41,-20,AGUA
31,41,-23,AGUA
31,41,-22,AGUA
31,41,-18,AGUA
31,41,-19,AGUA
31,77,-18,AGUA
31,77,-19,AGUA
31,77,-20,AGUA
31,77,-21,AGUA
31,77,-22,AGUA
31,77,-23,AGUA
31,242,-23,AGUA
31,242,-22,AGUA
31,242,-21,AGUA
31,242,-20,AGUA
31,242,-19,AGUA
31,242,-18,AGUA
31,242,-17,AGUA
31,312,-19,AGUA
31,312,-18,AGUA
31,312,-17,AGUA
31,312,-23,AGUA
31,312,-22,AGUA
31,312,-21,AGUA
31,312,-20,AGUA
31,17,-19,AGUA
31,17,-18,AGUA
31,112,-20,AGUA
31,17,-23,AGUA
31,17,-22,AGUA
31,17,-21,AGUA
31,17,-20,AGUA
31,112,-23,AGUA
31,112,-21,AGUA
31,112,-22,AGUA
31,112,-17,AGUA
31,112,-18,AGUA
31,112,-19,AGUA
31,253,-21,AGUA
31,253,-22,AGUA
31,253,-20,AGUA
31,253,-23,AGUA
31,100,-21,AGUA
31,100,-20,AGUA
31,100,-23,AGUA
31,100,-22,AGUA
31,100,-18,AGUA
31,100,-19,AGUA
31,253,-18,AGUA
31,253,-19,AGUA
31,253,-17,AGUA
31,54,-20,AGUA
31,54,-21,AGUA
31,54,-22,AGUA
31,54,-23,AGUA
31,54,-18,AGUA
31,54,-19,AGUA
31,90,-19,AGUA
31,90,-18,AGUA
31,90,-17,AGUA
31,90,-23,AGUA
31,90,-22,AGUA
31,90,-21,AGUA
31,90,-20,AGUA
31,217,-19,AGUA
31,217,-18,AGUA
31,217,-17,AGUA
31,336,-19,AGUA
31,336,-18,AGUA
31,336,-20,AGUA
31,336,-22,AGUA
31,336,-21,AGUA
31,336,-23,AGUA
31,161,-23,AGUA
31,161,-18,AGUA
31,161,-19,AGUA
31,161,-20,AGUA
31,161,-21,AGUA
31,161,-22,AGUA
31,241,-21,AGUA
31,241,-20,AGUA
31,241,-23,AGUA
31,241,-22,AGUA
31,217,-23,AGUA
31,217,-22,AGUA
31,217,-21,AGUA
31,217,-20,AGUA
31,241,-18,AGUA
31,241,-17,AGUA
31,241,-19,AGUA
31,89,-18,AGUA
31,89,-17,AGUA
31,89,-19,AGUA
31,89,-23,AGUA
31,89,-22,AGUA
31,89,-21,AGUA
31,89,-20,AGUA
31,229,-20,AGUA
31,229,-21,AGUA
31,229,-22,AGUA
31,229,-23,AGUA
31,229,-17,AGUA
31,229,-18,AGUA
31,229,-19,AGUA
31,173,-21,AGUA
31,173,-20,AGUA
31,137,-17,AGUA
31,137,-18,AGUA
31,137,-19,AGUA
31,173,-19,AGUA
31,173,-18,AGUA
31,173,-17,AGUA
31,173,-23,AGUA
31,173,-22,AGUA
31,324,-19,AGUA
31,288,-19,AGUA
31,288,-18,AGUA
31,288,-17,AGUA
31,324,-18,AGUA
31,324,-20,AGUA
31,324,-21,AGUA
31,324,-22,AGUA
31,324,-23,AGUA
31,288,-23,AGUA
31,288,-22,AGUA
31,288,-21,AGUA
31,288,-20,AGUA
31,137,-20,AGUA
31,137,-21,AGUA
31,137,-22,AGUA
31,137,-23,AGUA
31,66,-17,AGUA
31,66,-19,AGUA
31,66,-18,AGUA
31,66,-20,AGUA
31,66,-22,AGUA
31,66,-21,AGUA
31,66,-23,AGUA
31,276,-22,AGUA
31,276,-23,AGUA
31,276,-20,AGUA
31,276,-21,AGUA
31,276,-19,AGUA
31,276,-17,AGUA
31,276,-18,AGUA
31,196,-22,AGUA
31,196,-21,AGUA
31,196,-23,AGUA
31,196,-20,AGUA
31,196,-19,AGUA
31,196,-18,AGUA
31,301,-23,AGUA
31,301,-20,AGUA
31,301,-21,AGUA
31,301,-22,AGUA
31,301,-18,AGUA
31,301,-19,AGUA
31,123,-22,AGUA
31,123,-21,AGUA
31,123,-23,AGUA
31,123,-20,AGUA
31,123,-19,AGUA
31,123,-18,AGUA
31,123,-17,AGUA
31,28,-20,AGUA
31,28,-23,AGUA
31,28,-21,AGUA
31,28,-22,AGUA
31,28,-18,AGUA
31,28,-19,AGUA
31,325,-18,AGUA
31,325,-19,AGUA
31,325,-23,AGUA
31,325,-21,AGUA
31,325,-22,AGUA
31,325,-20,AGUA
31,219,-19,AGUA
31,219,-18,AGUA
31,219,-20,AGUA
31,219,-23,AGUA
31,219,-22,AGUA
31,219,-21,AGUA
31,102,-21,AGUA
31,102,-20,AGUA
31,102,-23,AGUA
31,102,-22,AGUA
31,102,-18,AGUA
31,102,-19,AGUA
31,52,-19,AGUA
31,52,-18,AGUA
31,52,-22,AGUA
31,52,-23,AGUA
31,52,-20,AGUA
31,52,-21,AGUA
31,87,-18,AGUA
31,87,-19,AGUA
31,291,-20,AGUA
31,291,-22,AGUA
31,291,-21,AGUA
31,291,-23,AGUA
31,291,-17,AGUA
31,291,-19,AGUA
31,291,-18,AGUA
31,31,-18,AGUA
31,31,-19,AGUA
31,31,-17,AGUA
31,31,-21,AGUA
31,31,-22,AGUA
31,31,-23,AGUA
31,31,-20,AGUA
31,267,-23,AGUA
31,267,-22,AGUA
31,267,-21,AGUA
31,267,-20,AGUA
31,267,-19,AGUA
31,267,-18,AGUA
31,158,-18,AGUA
31,158,-19,AGUA
31,158,-23,AGUA
31,158,-21,AGUA
31,158,-22,AGUA
31,158,-20,AGUA
31,313,-23,AGUA
31,313,-22,AGUA
31,313,-21,AGUA
31,313,-20,AGUA
31,313,-18,AGUA
31,313,-17,AGUA
31,87,-21,AGUA
31,87,-20,AGUA
31,87,-23,AGUA
31,87,-22,AGUA
31,313,-19,AGUA
31,64,-22,AGUA
31,64,-21,AGUA
31,64,-23,AGUA
31,64,-20,AGUA
31,171,-18,AGUA
31,171,-19,AGUA
31,64,-19,AGUA
31,64,-18,AGUA
31,64,-17,AGUA
31,171,-21,AGUA
31,171,-20,AGUA
31,171,-23,AGUA
31,171,-22,AGUA
31,135,-19,AGUA
31,135,-17,AGUA
31,135,-18,AGUA
31,232,-20,AGUA
31,232,-21,AGUA
31,232,-22,AGUA
31,232,-23,AGUA
31,232,-18,AGUA
31,232,-19,AGUA
31,220,-20,AGUA
31,220,-22,AGUA
31,220,-21,AGUA
31,220,-23,AGUA
31,220,-17,AGUA
31,220,-19,AGUA
31,220,-18,AGUA
31,135,-22,AGUA
31,135,-23,AGUA
31,135,-20,AGUA
31,135,-21,AGUA
31,125,-17,AGUA
31,125,-19,AGUA
31,125,-18,AGUA
31,125,-20,AGUA
31,125,-22,AGUA
31,125,-21,AGUA
31,125,-23,AGUA
31,194,-20,AGUA
31,194,-22,AGUA
31,194,-21,AGUA
31,194,-17,AGUA
31,194,-19,AGUA
31,194,-18,AGUA
31,194,-23,AGUA
31,99,-18,AGUA
31,99,-19,AGUA
31,99,-17,AGUA
31,99,-21,AGUA
31,99,-22,AGUA
31,99,-20,AGUA
31,99,-23,AGUA
31,255,-23,AGUA
31,255,-21,AGUA
31,255,-22,AGUA
31,255,-20,AGUA
31,255,-18,AGUA
31,255,-19,AGUA
31,255,-17,AGUA
31,147,-19,AGUA
31,147,-18,AGUA
31,147,-17,AGUA
31,147,-22,AGUA
31,147,-21,AGUA
31,147,-20,AGUA
31,147,-23,AGUA
31,278,-22,AGUA
31,278,-23,AGUA
31,278,-20,AGUA
31,278,-21,AGUA
31,278,-19,AGUA
31,278,-18,AGUA
31,195,-23,AGUA
31,195,-22,AGUA
31,302,-17,AGUA
31,302,-18,AGUA
31,302,-19,AGUA
31,302,-22,AGUA
31,302,-23,AGUA
31,302,-20,AGUA
31,302,-21,AGUA
31,195,-18,AGUA
31,195,-19,AGUA
31,195,-21,AGUA
31,195,-20,AGUA
31,42,-23,AGUA
31,42,-22,AGUA
31,42,-21,AGUA
31,42,-20,AGUA
31,76,-22,AGUA
31,76,-23,AGUA
31,76,-20,AGUA
31,76,-21,AGUA
31,76,-19,AGUA
31,76,-18,AGUA
31,18,-18,AGUA
31,18,-17,AGUA
31,18,-19,AGUA
31,18,-21,AGUA
31,18,-20,AGUA
31,18,-23,AGUA
31,18,-22,AGUA
31,42,-19,AGUA
31,42,-18,AGUA
31,113,-18,AGUA
31,113,-19,AGUA
31,113,-20,AGUA
31,113,-21,AGUA
31,113,-22,AGUA
31,113,-23,AGUA
31,101,-23,AGUA
31,101,-22,AGUA
31,101,-21,AGUA
31,101,-20,AGUA
31,101,-19,AGUA
31,101,-18,AGUA
31,243,-19,AGUA
31,254,-20,AGUA
31,254,-21,AGUA
31,254,-22,AGUA
31,254,-23,AGUA
31,243,-18,AGUA
31,243,-17,AGUA
31,243,-23,AGUA
31,243,-22,AGUA
31,243,-21,AGUA
31,243,-20,AGUA
31,160,-22,AGUA
31,160,-23,AGUA
31,160,-20,AGUA
31,160,-21,AGUA
31,160,-19,AGUA
31,160,-18,AGUA
31,337,-19,AGUA
31,337,-18,AGUA
31,337,-17,AGUA
31,53,-20,AGUA
31,53,-23,AGUA
31,53,-21,AGUA
31,53,-22,AGUA
31,53,-18,AGUA
31,53,-19,AGUA
31,337,-23,AGUA
31,337,-22,AGUA
31,337,-21,AGUA
31,337,-20,AGUA
31,290,-18,AGUA
31,207,-20,AGUA
31,290,-17,AGUA
31,207,-21,AGUA
31,207,-22,AGUA
31,290,-19,AGUA
31,207,-23,AGUA
31,290,-21,AGUA
31,290,-20,AGUA
31,290,-23,AGUA
31,290,-22,AGUA
31,207,-17,AGUA
31,207,-18,AGUA
31,207,-19,AGUA
31,266,-17,AGUA
31,266,-19,AGUA
31,266,-18,AGUA
31,231,-17,AGUA
31,231,-18,AGUA
31,231,-19,AGUA
31,266,-20,AGUA
31,266,-22,AGUA
31,266,-21,AGUA
31,266,-23,AGUA
31,231,-23,AGUA
31,231,-20,AGUA
31,231,-21,AGUA
31,231,-22,AGUA
31,159,-17,AGUA
31,159,-18,AGUA
31,314,-23,AGUA
31,314,-22,AGUA
31,314,-21,AGUA
31,159,-19,AGUA
31,314,-20,AGUA
31,159,-22,AGUA
31,159,-23,AGUA
31,314,-19,AGUA
31,314,-18,AGUA
31,159,-20,AGUA
31,159,-21,AGUA
31,314,-17,AGUA
31,30,-19,AGUA
31,30,-17,AGUA
31,30,-18,AGUA
31,30,-22,AGUA
31,30,-23,AGUA
31,30,-20,AGUA
31,30,-21,AGUA
31,88,-19,AGUA
31,88,-18,AGUA
31,88,-22,AGUA
31,88,-21,AGUA
31,88,-20,AGUA
31,88,-23,AGUA
31,183,-23,AGUA
31,183,-21,AGUA
31,183,-22,AGUA
31,183,-20,AGUA
31,183,-18,AGUA
31,183,-19,AGUA
31,183,-17,AGUA
