37,431,-16,AGUA
34,397,-16,AGUA
37,343,-16,AGUA
37,43,-16,AGUA
35,339,-16,AGUA
37,4,-16,AGUA
32,522,-16,AGUA
35,204,-16,AGUA
36,189,-16,AGUA
33,284,-16,AGUA
35,427,-16,AGUA
36,230,-16,AGUA
33,80,-16,AGUA
36,365,-16,AGUA
37,167,-16,AGUA
33,459,-16,AGUA
36,405,-16,AGUA
35,240,-16,AGUA
39,311,-16,AGUA
33,372,-16,AGUA
37,255,-16,AGUA
35,85,-16,AGUA
36,277,-16,AGUA
35,299,-16,AGUA
39,223,-16,AGUA
36,64,-16,AGUA
35,287,-16,AGUA
35,387,-16,AGUA
32,17,-16,AGUA
33,460,-16,AGUA
39,48,-16,AGUA
32,382,-16,AGUA
33,336,-16,AGUA
39,183,-16,AGUA
36,417,-16,AGUA
36,441,-16,AGUA
37,179,-16,AGUA
32,394,-16,AGUA
33,360,-16,AGUA
34,437,-16,AGUA
35,199,-16,AGUA
33,272,-16,AGUA
33,201,-16,AGUA
36,265,-16,AGUA
36,52,-16,AGUA
36,28,-16,AGUA
35,252,-16,AGUA
34,94,-16,AGUA
33,236,-16,AGUA
37,466,-16,AGUA
34,385,-16,AGUA
35,439,-16,AGUA
33,79,-16,AGUA
37,55,-16,AGUA
32,334,-16,AGUA
36,317,-16,AGUA
35,239,-16,AGUA
36,154,-16,AGUA
35,37,-16,AGUA
39,84,-16,AGUA
35,463,-16,AGUA
33,412,-16,AGUA
33,296,-16,AGUA
37,219,-16,AGUA
32,534,-16,AGUA
32,434,-16,AGUA
33,196,-16,AGUA
33,32,-16,AGUA
37,407,-16,AGUA
36,305,-16,AGUA
33,224,-16,AGUA
33,20,-16,AGUA
37,319,-16,AGUA
32,194,-16,AGUA
37,180,-16,AGUA
33,312,-16,AGUA
36,4,-16,AGUA
34,297,-16,AGUA
35,25,-16,AGUA
32,29,-16,AGUA
39,235,-16,AGUA
36,289,-16,AGUA
33,92,-16,AGUA
32,271,-16,AGUA
35,275,-16,AGUA
35,327,-16,AGUA
32,513,-5,AGUA
32,513,-6,AGUA
32,513,-3,AGUA
39,36,-16,AGUA
32,513,-4,AGUA
32,513,-9,AGUA
32,513,-7,AGUA
32,513,-8,AGUA
33,348,-16,AGUA
35,304,-16,AGUA
32,513,-1,AGUA
32,513,-2,AGUA
32,537,-5,AGUA
32,537,-6,AGUA
32,537,-7,AGUA
32,537,-8,AGUA
32,537,-9,AGUA
32,537,-1,AGUA
32,537,-2,AGUA
32,537,-3,AGUA
32,537,-4,AGUA
35,440,-16,AGUA
47,504,-7,AGUA
47,504,-5,AGUA
47,504,-6,AGUA
47,504,-3,AGUA
47,504,-4,AGUA
47,504,-1,AGUA
47,504,-2,AGUA
47,516,-1,AGUA
47,516,-7,AGUA
47,516,-6,AGUA
47,516,-3,AGUA
47,516,-2,AGUA
47,516,-5,AGUA
47,516,-4,AGUA
47,528,-1,AGUA
47,528,-2,AGUA
33,56,-16,AGUA
32,525,-5,AGUA
32,525,-4,AGUA
32,525,-7,AGUA
32,525,-6,AGUA
32,525,-9,AGUA
35,399,-16,AGUA
32,525,-8,AGUA
32,525,-1,AGUA
32,525,-3,AGUA
32,525,-2,AGUA
32,574,-9,AGUA
32,574,-8,AGUA
32,574,-7,AGUA
32,574,-6,AGUA
32,574,-5,AGUA
32,574,-4,AGUA
32,574,-3,AGUA
32,574,-2,AGUA
32,574,-1,AGUA
47,528,-7,AGUA
32,410,-16,AGUA
47,528,-3,AGUA
47,528,-4,AGUA
47,528,-5,AGUA
47,528,-6,AGUA
35,187,-16,AGUA
32,582,-11,AGUA
34,425,-16,AGUA
32,582,-10,AGUA
32,469,-16,AGUA
32,582,-13,AGUA
32,582,-12,AGUA
32,582,-15,AGUA
32,582,-14,AGUA
32,582,-16,AGUA
35,216,-16,AGUA
33,172,-16,AGUA
36,206,-16,AGUA
36,377,-16,AGUA
37,31,-16,AGUA
32,550,-1,AGUA
32,550,-3,AGUA
32,550,-2,AGUA
32,550,-5,AGUA
32,549,-5,AGUA
32,550,-4,AGUA
32,549,-4,AGUA
32,550,-7,AGUA
32,549,-3,AGUA
32,550,-6,AGUA
32,549,-2,AGUA
32,549,-1,AGUA
32,550,-9,AGUA
35,415,-16,AGUA
32,550,-8,AGUA
32,549,-9,AGUA
32,549,-8,AGUA
32,549,-7,AGUA
32,549,-6,AGUA
36,177,-16,AGUA
37,155,-16,AGUA
32,88,-16,AGUA
32,562,-5,AGUA
32,562,-6,AGUA
33,447,-16,AGUA
32,562,-7,AGUA
32,562,-8,AGUA
32,562,-9,AGUA
32,562,-1,AGUA
32,562,-2,AGUA
32,562,-3,AGUA
36,290,-16,AGUA
32,562,-4,AGUA
32,30,-16,AGUA
37,355,-16,AGUA
34,349,-16,AGUA
35,475,-16,AGUA
37,67,-16,AGUA
34,373,-16,AGUA
37,454,-16,AGUA
37,91,-16,AGUA
37,320,-16,AGUA
32,557,-11,AGUA
32,557,-10,AGUA
32,557,-13,AGUA
32,557,-12,AGUA
32,557,-15,AGUA
32,557,-14,AGUA
32,557,-16,AGUA
37,231,-16,AGUA
37,291,-16,AGUA
37,267,-16,AGUA
33,300,-16,AGUA
36,253,-16,AGUA
32,322,-16,AGUA
36,429,-16,AGUA
39,171,-16,AGUA
33,395,-16,AGUA
36,453,-16,AGUA
35,351,-16,AGUA
34,82,-16,AGUA
32,53,-16,AGUA
37,378,-16,AGUA
34,58,-16,AGUA
35,5,-16,AGUA
39,371,-16,AGUA
33,5,-16,AGUA
36,87,-16,AGUA
37,207,-16,AGUA
35,62,-16,AGUA
33,424,-16,AGUA
35,364,-16,AGUA
36,342,-16,AGUA
36,229,-16,AGUA
35,164,-16,AGUA
36,5,-16,AGUA
39,295,-16,AGUA
33,91,-16,AGUA
34,237,-16,AGUA
33,448,-16,AGUA
33,313,-16,AGUA
36,306,-16,AGUA
39,369,-16,AGUA
34,163,-16,AGUA
33,401,-16,AGUA
33,383,-16,AGUA
36,376,-16,AGUA
34,70,-16,AGUA
35,175,-16,AGUA
37,379,-16,AGUA
35,276,-16,AGUA
32,523,-2,AGUA
32,523,-3,AGUA
32,523,-4,AGUA
32,523,-5,AGUA
32,523,-6,AGUA
32,523,-7,AGUA
32,523,-8,AGUA
32,523,-9,AGUA
32,523,-1,AGUA
32,371,-16,AGUA
33,21,-16,AGUA
32,511,-2,AGUA
32,511,-1,AGUA
32,511,-4,AGUA
32,511,-3,AGUA
32,511,-6,AGUA
32,511,-5,AGUA
32,511,-8,AGUA
32,511,-7,AGUA
34,413,-16,AGUA
32,511,-9,AGUA
34,34,-16,AGUA
35,416,-16,AGUA
32,559,-2,AGUA
32,559,-1,AGUA
32,559,-4,AGUA
32,559,-3,AGUA
32,559,-9,AGUA
32,559,-6,AGUA
32,559,-5,AGUA
32,559,-8,AGUA
32,559,-7,AGUA
36,178,-16,AGUA
35,13,-16,AGUA
32,572,-8,AGUA
32,572,-9,AGUA
32,572,-6,AGUA
32,572,-7,AGUA
32,572,-4,AGUA
32,572,-5,AGUA
32,572,-2,AGUA
32,572,-3,AGUA
33,55,-16,AGUA
32,572,-1,AGUA
36,53,-16,AGUA
32,535,-2,AGUA
32,535,-1,AGUA
32,535,-9,AGUA
32,535,-8,AGUA
32,535,-7,AGUA
32,535,-6,AGUA
32,535,-5,AGUA
37,442,-16,AGUA
32,535,-4,AGUA
32,535,-3,AGUA
35,303,-16,AGUA
33,261,-16,AGUA
36,205,-16,AGUA
37,32,-16,AGUA
33,273,-16,AGUA
32,511,-11,AGUA
32,511,-10,AGUA
32,511,-13,AGUA
32,511,-12,AGUA
32,511,-15,AGUA
32,511,-14,AGUA
32,511,-16,AGUA
33,173,-16,AGUA
33,347,-16,AGUA
33,247,-16,AGUA
34,4,-16,AGUA
39,24,-16,AGUA
34,303,-16,AGUA
39,159,-16,AGUA
34,285,-16,AGUA
36,17,-16,AGUA
36,88,-16,AGUA
39,409,-16,AGUA
32,581,-12,AGUA
32,581,-11,AGUA
32,581,-10,AGUA
32,581,-16,AGUA
32,581,-15,AGUA
32,581,-14,AGUA
32,581,-13,AGUA
35,474,-16,AGUA
35,48,-16,AGUA
35,228,-16,AGUA
36,41,-16,AGUA
39,335,-16,AGUA
47,512,-11,AGUA
47,512,-10,AGUA
35,376,-16,AGUA
32,558,-15,AGUA
32,558,-14,AGUA
32,558,-13,AGUA
32,558,-12,AGUA
32,558,-11,AGUA
32,558,-10,AGUA
37,266,-16,AGUA
35,74,-16,AGUA
37,90,-16,AGUA
33,436,-16,AGUA
39,435,-16,AGUA
39,4,-16,AGUA
33,212,-16,AGUA
37,192,-16,AGUA
36,341,-16,AGUA
36,388,-16,AGUA
35,4,-16,AGUA
36,430,-16,AGUA
34,203,-16,AGUA
37,208,-16,AGUA
37,332,-16,AGUA
32,247,-16,AGUA
35,163,-16,AGUA
37,232,-16,AGUA
34,401,-16,AGUA
33,6,-16,AGUA
37,406,-16,AGUA
37,66,-16,AGUA
37,306,-16,AGUA
36,241,-16,AGUA
33,67,-16,AGUA
34,46,-16,AGUA
36,465,-16,AGUA
35,338,-16,AGUA
35,86,-16,AGUA
35,451,-16,AGUA
37,19,-16,AGUA
33,472,-16,AGUA
33,359,-16,AGUA
37,166,-16,AGUA
37,344,-16,AGUA
35,205,-16,AGUA
33,161,-16,AGUA
33,285,-16,AGUA
36,404,-16,AGUA
37,243,-16,AGUA
36,217,-16,AGUA
36,330,-16,AGUA
37,3,-16,AGUA
37,430,-16,AGUA
36,76,-16,AGUA
32,523,-11,AGUA
32,523,-12,AGUA
33,235,-16,AGUA
32,523,-10,AGUA
32,523,-15,AGUA
32,523,-13,AGUA
32,523,-14,AGUA
33,301,-16,AGUA
39,195,-16,AGUA
33,371,-16,AGUA
35,198,-16,AGUA
39,269,-16,AGUA
35,388,-16,AGUA
35,241,-16,AGUA
39,323,-16,AGUA
32,212,-16,AGUA
35,315,-16,AGUA
36,278,-16,AGUA
36,190,-16,AGUA
33,44,-16,AGUA
36,166,-16,AGUA
35,404,-16,AGUA
37,20,-16,AGUA
36,353,-16,AGUA
33,200,-16,AGUA
36,264,-16,AGUA
35,217,-16,AGUA
37,391,-16,AGUA
33,184,-16,AGUA
32,570,-10,AGUA
32,570,-11,AGUA
32,570,-12,AGUA
32,570,-13,AGUA
32,570,-14,AGUA
32,570,-15,AGUA
32,570,-16,AGUA
39,211,-16,AGUA
32,309,-16,AGUA
32,546,-14,AGUA
32,546,-15,AGUA
32,546,-12,AGUA
32,546,-13,AGUA
32,546,-10,AGUA
32,546,-11,AGUA
37,465,-16,AGUA
37,367,-16,AGUA
37,78,-16,AGUA
32,170,-16,AGUA
36,418,-16,AGUA
34,249,-16,AGUA
35,36,-16,AGUA
33,413,-16,AGUA
34,175,-16,AGUA
33,324,-16,AGUA
34,273,-16,AGUA
37,418,-16,AGUA
34,315,-16,AGUA
35,51,-16,AGUA
36,29,-16,AGUA
39,471,-16,AGUA
33,250,-16,AGUA
37,220,-16,AGUA
35,264,-16,AGUA
37,278,-16,AGUA
32,5,-16,AGUA
39,447,-16,AGUA
39,12,-16,AGUA
36,442,-16,AGUA
36,329,-16,AGUA
36,216,-16,AGUA
35,24,-16,AGUA
35,274,-16,AGUA
35,362,-16,AGUA
33,223,-16,AGUA
33,66,-16,AGUA
39,209,-16,AGUA
34,36,-16,AGUA
35,353,-16,AGUA
36,475,-16,AGUA
34,327,-16,AGUA
33,358,-16,AGUA
36,304,-16,AGUA
36,439,-16,AGUA
34,72,-16,AGUA
36,3,-16,AGUA
34,161,-16,AGUA
37,417,-16,AGUA
36,291,-16,AGUA
33,162,-16,AGUA
39,381,-16,AGUA
32,157,-16,AGUA
35,441,-16,AGUA
37,368,-16,AGUA
35,317,-16,AGUA
34,239,-16,AGUA
33,446,-16,AGUA
37,356,-16,AGUA
35,186,-16,AGUA
32,312,-16,AGUA
47,508,-5,AGUA
47,508,-6,AGUA
47,508,-7,AGUA
36,399,-16,AGUA
47,521,-1,AGUA
47,521,-3,AGUA
36,191,-16,AGUA
47,521,-2,AGUA
47,521,-5,AGUA
47,521,-4,AGUA
47,521,-7,AGUA
47,521,-6,AGUA
37,68,-16,AGUA
47,533,-1,AGUA
37,221,-16,AGUA
47,533,-2,AGUA
47,533,-3,AGUA
47,533,-4,AGUA
47,533,-5,AGUA
47,533,-6,AGUA
47,533,-7,AGUA
33,434,-16,AGUA
32,547,-16,AGUA
39,281,-16,AGUA
37,268,-16,AGUA
37,21,-16,AGUA
47,514,-10,AGUA
37,453,-16,AGUA
47,514,-11,AGUA
37,92,-16,AGUA
35,341,-16,AGUA
39,433,-16,AGUA
39,50,-16,AGUA
33,262,-16,AGUA
39,257,-16,AGUA
34,363,-16,AGUA
34,463,-16,AGUA
35,397,-16,AGUA
32,571,-16,AGUA
36,339,-16,AGUA
32,571,-14,AGUA
32,571,-15,AGUA
32,571,-12,AGUA
32,571,-13,AGUA
32,571,-10,AGUA
32,571,-11,AGUA
36,352,-16,AGUA
35,226,-16,AGUA
35,305,-16,AGUA
36,167,-16,AGUA
36,252,-16,AGUA
35,405,-16,AGUA
32,447,-16,AGUA
39,333,-16,AGUA
36,228,-16,AGUA
33,394,-16,AGUA
37,392,-16,AGUA
32,245,-16,AGUA
33,323,-16,AGUA
37,321,-16,AGUA
39,26,-16,AGUA
37,190,-16,AGUA
34,459,-16,AGUA
34,287,-16,AGUA
36,86,-16,AGUA
36,15,-16,AGUA
35,63,-16,AGUA
35,203,-16,AGUA
36,74,-16,AGUA
35,428,-16,AGUA
39,321,-16,AGUA
32,210,-16,AGUA
37,44,-16,AGUA
37,245,-16,AGUA
36,240,-16,AGUA
39,393,-16,AGUA
39,161,-16,AGUA
35,453,-16,AGUA
35,174,-16,AGUA
33,470,-16,AGUA
39,309,-16,AGUA
37,281,-16,AGUA
36,406,-16,AGUA
33,186,-16,AGUA
32,424,-16,AGUA
37,168,-16,AGUA
35,374,-16,AGUA
36,364,-16,AGUA
35,12,-16,AGUA
34,60,-16,AGUA
37,441,-16,AGUA
36,463,-16,AGUA
34,339,-16,AGUA
34,48,-16,AGUA
37,429,-16,AGUA
32,268,-16,AGUA
33,274,-16,AGUA
33,246,-16,AGUA
34,351,-16,AGUA
35,47,-16,AGUA
32,66,-16,AGUA
36,51,-16,AGUA
34,447,-16,AGUA
35,298,-16,AGUA
34,275,-16,AGUA
36,416,-16,AGUA
36,327,-16,AGUA
37,178,-16,AGUA
33,42,-16,AGUA
37,380,-16,AGUA
32,209,-16,AGUA
33,335,-16,AGUA
36,27,-16,AGUA
32,459,-16,AGUA
35,238,-16,AGUA
39,445,-16,AGUA
35,75,-16,AGUA
36,155,-16,AGUA
33,78,-16,AGUA
32,535,-11,AGUA
32,535,-10,AGUA
32,535,-15,AGUA
32,535,-14,AGUA
32,535,-13,AGUA
32,535,-12,AGUA
33,297,-16,AGUA
37,5,-16,AGUA
33,211,-16,AGUA
36,387,-16,AGUA
39,14,-16,AGUA
34,475,-16,AGUA
35,262,-16,AGUA
33,18,-16,AGUA
34,215,-16,AGUA
36,440,-16,AGUA
33,382,-16,AGUA
33,411,-16,AGUA
37,305,-16,AGUA
34,173,-16,AGUA
33,469,-16,AGUA
39,245,-16,AGUA
37,333,-16,AGUA
32,233,-16,AGUA
35,87,-16,AGUA
39,457,-16,AGUA
37,156,-16,AGUA
33,286,-16,AGUA
32,168,-16,AGUA
32,524,-16,AGUA
36,279,-16,AGUA
33,322,-16,AGUA
35,429,-16,AGUA
35,452,-16,AGUA
36,75,-16,AGUA
33,234,-16,AGUA
33,471,-16,AGUA
37,345,-16,AGUA
32,222,-16,AGUA
37,244,-16,AGUA
39,60,-16,AGUA
39,221,-16,AGUA
37,210,-16,AGUA
35,197,-16,AGUA
35,398,-16,AGUA
37,280,-16,AGUA
35,328,-16,AGUA
39,423,-16,AGUA
47,524,-10,AGUA
47,524,-11,AGUA
36,39,-16,AGUA
34,251,-16,AGUA
47,506,-2,AGUA
47,506,-1,AGUA
47,506,-7,AGUA
47,506,-6,AGUA
47,506,-5,AGUA
47,506,-4,AGUA
47,506,-3,AGUA
47,518,-2,AGUA
47,518,-3,AGUA
47,518,-1,AGUA
36,464,-16,AGUA
47,518,-6,AGUA
47,518,-7,AGUA
47,518,-4,AGUA
47,518,-5,AGUA
47,531,-7,AGUA
47,531,-6,AGUA
47,531,-5,AGUA
47,531,-4,AGUA
47,531,-3,AGUA
47,531,-2,AGUA
36,263,-16,AGUA
47,531,-1,AGUA
37,428,-16,AGUA
36,363,-16,AGUA
35,215,-16,AGUA
35,386,-16,AGUA
37,45,-16,AGUA
32,234,-16,AGUA
35,297,-16,AGUA
36,328,-16,AGUA
32,458,-16,AGUA
37,292,-16,AGUA
37,310,-16,AGUA
37,381,-16,AGUA
37,464,-16,AGUA
33,370,-16,AGUA
33,334,-16,AGUA
39,185,-16,AGUA
36,180,-16,AGUA
33,43,-16,AGUA
33,185,-16,AGUA
36,452,-16,AGUA
32,20,-16,AGUA
34,435,-16,AGUA
36,280,-16,AGUA
36,239,-16,AGUA
32,536,-16,AGUA
35,52,-16,AGUA
33,298,-16,AGUA
37,79,-16,AGUA
39,357,-16,AGUA
33,251,-16,AGUA
35,352,-16,AGUA
35,263,-16,AGUA
36,428,-16,AGUA
37,279,-16,AGUA
37,10,-16,AGUA
34,185,-16,AGUA
33,423,-16,AGUA
33,77,-16,AGUA
34,387,-16,AGUA
35,35,-16,AGUA
33,19,-16,AGUA
34,12,-16,AGUA
32,67,-16,AGUA
36,156,-16,AGUA
34,423,-16,AGUA
35,185,-16,AGUA
35,363,-16,AGUA
32,370,-16,AGUA
39,233,-16,AGUA
32,257,-16,AGUA
47,536,-11,AGUA
36,375,-16,AGUA
47,536,-10,AGUA
35,23,-16,AGUA
33,197,-16,AGUA
33,90,-16,AGUA
39,411,-16,AGUA
33,393,-16,AGUA
32,545,-1,AGUA
33,400,-16,AGUA
32,545,-7,AGUA
32,545,-6,AGUA
33,222,-16,AGUA
32,545,-9,AGUA
32,545,-8,AGUA
32,545,-3,AGUA
32,545,-2,AGUA
32,545,-5,AGUA
32,545,-4,AGUA
33,458,-16,AGUA
34,227,-16,AGUA
34,263,-16,AGUA
39,285,-16,AGUA
32,557,-1,AGUA
32,557,-2,AGUA
32,521,-9,AGUA
32,521,-8,AGUA
32,557,-7,AGUA
32,557,-8,AGUA
32,557,-9,AGUA
32,557,-3,AGUA
32,557,-4,AGUA
32,557,-5,AGUA
32,557,-6,AGUA
32,521,-7,AGUA
32,521,-6,AGUA
32,521,-5,AGUA
32,521,-4,AGUA
32,521,-3,AGUA
32,521,-2,AGUA
32,521,-1,AGUA
36,251,-16,AGUA
39,72,-16,AGUA
32,533,-7,AGUA
32,533,-8,AGUA
32,533,-5,AGUA
32,533,-6,AGUA
32,533,-3,AGUA
32,533,-4,AGUA
32,533,-1,AGUA
32,533,-2,AGUA
32,533,-9,AGUA
32,192,-16,AGUA
39,469,-16,AGUA
32,559,-11,AGUA
32,559,-10,AGUA
32,559,-13,AGUA
32,559,-12,AGUA
32,559,-15,AGUA
32,559,-14,AGUA
32,559,-16,AGUA
36,204,-16,AGUA
37,33,-16,AGUA
32,570,-7,AGUA
32,570,-6,AGUA
32,570,-9,AGUA
35,417,-16,AGUA
32,570,-8,AGUA
32,570,-3,AGUA
32,570,-2,AGUA
37,256,-16,AGUA
32,570,-5,AGUA
32,570,-4,AGUA
32,570,-1,AGUA
36,179,-16,AGUA
32,582,-1,AGUA
32,582,-2,AGUA
36,63,-16,AGUA
32,582,-7,AGUA
32,582,-8,AGUA
32,582,-9,AGUA
32,582,-3,AGUA
36,292,-16,AGUA
32,582,-4,AGUA
32,582,-5,AGUA
32,582,-6,AGUA
32,156,-16,AGUA
33,346,-16,AGUA
33,54,-16,AGUA
32,369,-16,AGUA
35,316,-16,AGUA
35,286,-16,AGUA
32,311,-16,AGUA
32,412,-16,AGUA
33,7,-16,AGUA
33,174,-16,AGUA
39,345,-16,AGUA
35,64,-16,AGUA
35,340,-16,AGUA
35,227,-16,AGUA
36,398,-16,AGUA
37,357,-16,AGUA
35,251,-16,AGUA
35,162,-16,AGUA
34,197,-16,AGUA
34,375,-16,AGUA
35,3,-16,AGUA
36,40,-16,AGUA
34,24,-16,AGUA
32,55,-16,AGUA
33,435,-16,AGUA
37,452,-16,AGUA
32,393,-16,AGUA
35,375,-16,AGUA
37,56,-16,AGUA
33,263,-16,AGUA
35,464,-16,AGUA
37,322,-16,AGUA
37,209,-16,AGUA
37,80,-16,AGUA
37,191,-16,AGUA
36,340,-16,AGUA
36,227,-16,AGUA
36,316,-16,AGUA
39,173,-16,AGUA
33,311,-16,AGUA
36,16,-16,AGUA
33,31,-16,AGUA
33,369,-16,AGUA
37,405,-16,AGUA
33,89,-16,AGUA
37,233,-16,AGUA
37,52,-16,AGUA
36,392,-16,AGUA
39,473,-16,AGUA
36,198,-16,AGUA
35,436,-16,AGUA
37,246,-16,AGUA
32,202,-16,AGUA
32,531,-15,AGUA
32,531,-14,AGUA
32,531,-13,AGUA
32,531,-12,AGUA
32,531,-11,AGUA
32,531,-10,AGUA
36,73,-16,AGUA
33,293,-16,AGUA
37,352,-16,AGUA
34,235,-16,AGUA
37,316,-16,AGUA
34,341,-16,AGUA
36,268,-16,AGUA
37,16,-16,AGUA
34,50,-16,AGUA
35,472,-16,AGUA
32,285,-16,AGUA
36,462,-16,AGUA
33,23,-16,AGUA
33,187,-16,AGUA
39,437,-16,AGUA
33,333,-16,AGUA
32,425,-16,AGUA
35,213,-16,AGUA
37,399,-16,AGUA
33,403,-16,AGUA
37,440,-16,AGUA
36,308,-16,AGUA
37,282,-16,AGUA
39,425,-16,AGUA
34,165,-16,AGUA
32,297,-16,AGUA
39,367,-16,AGUA
36,37,-16,AGUA
35,378,-16,AGUA
34,14,-16,AGUA
35,331,-16,AGUA
37,188,-16,AGUA
36,426,-16,AGUA
33,175,-16,AGUA
32,413,-16,AGUA
33,8,-16,AGUA
36,450,-16,AGUA
33,257,-16,AGUA
35,11,-16,AGUA
37,364,-16,AGUA
39,355,-16,AGUA
37,294,-16,AGUA
37,258,-16,AGUA
35,261,-16,AGUA
33,71,-16,AGUA
35,2,-16,AGUA
32,566,-10,AGUA
32,566,-11,AGUA
32,566,-12,AGUA
32,566,-13,AGUA
32,566,-14,AGUA
32,566,-15,AGUA
32,566,-16,AGUA
36,380,-16,AGUA
34,283,-16,AGUA
35,46,-16,AGUA
35,448,-16,AGUA
36,356,-16,AGUA
35,424,-16,AGUA
37,40,-16,AGUA
37,234,-16,AGUA
32,319,-16,AGUA
34,305,-16,AGUA
37,475,-16,AGUA
37,64,-16,AGUA
33,227,-16,AGUA
39,461,-16,AGUA
33,438,-16,AGUA
37,404,-16,AGUA
35,76,-16,AGUA
36,186,-16,AGUA
33,281,-16,AGUA
33,451,-16,AGUA
35,191,-16,AGUA
33,381,-16,AGUA
39,449,-16,AGUA
36,402,-16,AGUA
36,368,-16,AGUA
33,83,-16,AGUA
32,3,-16,AGUA
36,49,-16,AGUA
33,215,-16,AGUA
37,164,-16,AGUA
36,215,-16,AGUA
39,197,-16,AGUA
32,167,-16,AGUA
37,1,-16,AGUA
37,387,-16,AGUA
36,226,-16,AGUA
35,248,-16,AGUA
35,167,-16,AGUA
33,199,-16,AGUA
34,405,-16,AGUA
35,88,-16,AGUA
37,416,-16,AGUA
39,413,-16,AGUA
33,357,-16,AGUA
35,354,-16,AGUA
39,379,-16,AGUA
36,438,-16,AGUA
36,332,-16,AGUA
35,318,-16,AGUA
32,367,-16,AGUA
32,554,-15,AGUA
32,554,-14,AGUA
32,554,-13,AGUA
32,554,-12,AGUA
32,554,-11,AGUA
32,554,-10,AGUA
33,11,-16,AGUA
33,474,-16,AGUA
35,284,-16,AGUA
37,328,-16,AGUA
36,262,-16,AGUA
37,222,-16,AGUA
35,412,-16,AGUA
36,174,-16,AGUA
37,463,-16,AGUA
37,76,-16,AGUA
34,471,-16,AGUA
33,345,-16,AGUA
47,511,-4,AGUA
47,511,-3,AGUA
47,511,-2,AGUA
47,511,-1,AGUA
47,511,-7,AGUA
47,511,-6,AGUA
47,511,-5,AGUA
47,523,-1,AGUA
47,523,-4,AGUA
47,523,-5,AGUA
47,523,-2,AGUA
47,523,-3,AGUA
47,523,-6,AGUA
47,523,-7,AGUA
39,343,-16,AGUA
33,415,-16,AGUA
35,155,-16,AGUA
34,177,-16,AGUA
47,535,-2,AGUA
47,535,-1,AGUA
47,535,-4,AGUA
47,535,-3,AGUA
47,535,-6,AGUA
47,535,-5,AGUA
35,225,-16,AGUA
36,238,-16,AGUA
47,535,-7,AGUA
36,281,-16,AGUA
34,211,-16,AGUA
35,53,-16,AGUA
39,249,-16,AGUA
36,61,-16,AGUA
37,439,-16,AGUA
33,163,-16,AGUA
36,203,-16,AGUA
32,237,-16,AGUA
32,401,-16,AGUA
34,26,-16,AGUA
36,14,-16,AGUA
34,247,-16,AGUA
36,7,-16,AGUA
35,34,-16,AGUA
33,269,-16,AGUA
33,46,-16,AGUA
32,507,-10,AGUA
32,507,-12,AGUA
32,507,-11,AGUA
34,271,-16,AGUA
32,507,-14,AGUA
32,507,-13,AGUA
32,507,-15,AGUA
39,319,-16,AGUA
37,39,-16,AGUA
34,317,-16,AGUA
39,273,-16,AGUA
37,415,-16,AGUA
39,64,-16,AGUA
33,392,-16,AGUA
39,225,-16,AGUA
33,12,-16,AGUA
33,198,-16,AGUA
47,528,-10,AGUA
47,528,-11,AGUA
37,309,-16,AGUA
35,249,-16,AGUA
39,401,-16,AGUA
32,380,-16,AGUA
35,202,-16,AGUA
36,293,-16,AGUA
36,250,-16,AGUA
37,388,-16,AGUA
36,367,-16,AGUA
37,41,-16,AGUA
34,399,-16,AGUA
34,377,-16,AGUA
36,62,-16,AGUA
35,285,-16,AGUA
35,447,-16,AGUA
32,567,-15,AGUA
32,567,-13,AGUA
32,567,-14,AGUA
32,567,-11,AGUA
32,567,-12,AGUA
32,567,-10,AGUA
36,333,-16,AGUA
37,257,-16,AGUA
32,155,-16,AGUA
33,82,-16,AGUA
35,342,-16,AGUA
37,341,-16,AGUA
33,475,-16,AGUA
32,555,-15,AGUA
32,555,-14,AGUA
32,555,-16,AGUA
32,555,-11,AGUA
32,555,-10,AGUA
32,555,-13,AGUA
32,555,-12,AGUA
33,203,-16,AGUA
36,26,-16,AGUA
33,344,-16,AGUA
35,459,-16,AGUA
36,50,-16,AGUA
35,250,-16,AGUA
35,154,-16,AGUA
34,365,-16,AGUA
33,238,-16,AGUA
35,413,-16,AGUA
35,65,-16,AGUA
36,175,-16,AGUA
37,75,-16,AGUA
33,440,-16,AGUA
32,379,-16,AGUA
33,164,-16,AGUA
32,402,-16,AGUA
33,270,-16,AGUA
37,223,-16,AGUA
32,63,-16,AGUA
36,202,-16,AGUA
37,451,-16,AGUA
32,262,-16,AGUA
35,391,-16,AGUA
34,329,-16,AGUA
39,261,-16,AGUA
32,519,-12,AGUA
32,519,-13,AGUA
32,519,-10,AGUA
32,519,-11,AGUA
32,519,-14,AGUA
32,519,-15,AGUA
35,22,-16,AGUA
35,367,-16,AGUA
34,189,-16,AGUA
33,427,-16,AGUA
36,415,-16,AGUA
35,178,-16,AGUA
37,177,-16,AGUA
33,310,-16,AGUA
35,237,-16,AGUA
36,8,-16,AGUA
33,47,-16,AGUA
33,368,-16,AGUA
33,321,-16,AGUA
35,460,-16,AGUA
32,203,-16,AGUA
36,321,-16,AGUA
35,273,-16,AGUA
37,270,-16,AGUA
32,273,-16,AGUA
36,269,-16,AGUA
33,463,-16,AGUA
39,391,-16,AGUA
37,317,-16,AGUA
39,38,-16,AGUA
37,28,-16,AGUA
36,474,-16,AGUA
33,58,-16,AGUA
36,163,-16,AGUA
35,401,-16,AGUA
37,427,-16,AGUA
36,379,-16,AGUA
36,38,-16,AGUA
35,189,-16,AGUA
39,163,-16,AGUA
33,258,-16,AGUA
37,87,-16,AGUA
35,214,-16,AGUA
34,427,-16,AGUA
33,94,-16,AGUA
37,353,-16,AGUA
39,237,-16,AGUA
34,353,-16,AGUA
36,237,-16,AGUA
32,356,-16,AGUA
35,329,-16,AGUA
36,249,-16,AGUA
36,391,-16,AGUA
34,439,-16,AGUA
37,211,-16,AGUA
32,517,-7,AGUA
32,517,-8,AGUA
32,517,-9,AGUA
32,517,-3,AGUA
32,517,-4,AGUA
32,517,-5,AGUA
32,517,-6,AGUA
32,517,-1,AGUA
32,517,-2,AGUA
33,404,-16,AGUA
32,505,-7,AGUA
32,505,-6,AGUA
32,505,-9,AGUA
32,505,-8,AGUA
32,505,-3,AGUA
32,505,-2,AGUA
32,505,-5,AGUA
32,505,-4,AGUA
32,505,-1,AGUA
34,223,-16,AGUA
39,76,-16,AGUA
47,508,-1,AGUA
47,508,-2,AGUA
47,508,-3,AGUA
47,508,-4,AGUA
32,226,-16,AGUA
32,554,-3,AGUA
32,554,-2,AGUA
32,554,-1,AGUA
32,554,-7,AGUA
32,554,-6,AGUA
32,554,-5,AGUA
32,554,-4,AGUA
32,554,-9,AGUA
32,554,-8,AGUA
32,566,-9,AGUA
37,269,-16,AGUA
32,566,-3,AGUA
32,566,-4,AGUA
32,566,-1,AGUA
32,566,-2,AGUA
32,566,-7,AGUA
32,566,-8,AGUA
32,566,-5,AGUA
32,566,-6,AGUA
32,529,-9,AGUA
32,529,-8,AGUA
32,529,-3,AGUA
32,529,-2,AGUA
32,529,-1,AGUA
32,529,-7,AGUA
32,529,-6,AGUA
32,529,-5,AGUA
32,529,-4,AGUA
33,35,-16,AGUA
36,344,-16,AGUA
36,427,-16,AGUA
32,542,-7,AGUA
32,542,-8,AGUA
32,542,-9,AGUA
37,189,-16,AGUA
35,330,-16,AGUA
32,542,-3,AGUA
32,542,-4,AGUA
32,542,-5,AGUA
32,542,-6,AGUA
32,542,-1,AGUA
32,542,-2,AGUA
36,451,-16,AGUA
35,306,-16,AGUA
35,45,-16,AGUA
35,296,-16,AGUA
35,10,-16,AGUA
37,293,-16,AGUA
36,85,-16,AGUA
33,380,-16,AGUA
37,474,-16,AGUA
33,309,-16,AGUA
33,356,-16,AGUA
35,166,-16,AGUA
33,282,-16,AGUA
32,520,-16,AGUA
35,190,-16,AGUA
35,77,-16,AGUA
36,214,-16,AGUA
33,439,-16,AGUA
33,226,-16,AGUA
36,270,-16,AGUA
34,84,-16,AGUA
35,379,-16,AGUA
37,376,-16,AGUA
33,473,-16,AGUA
33,367,-16,AGUA
35,283,-16,AGUA
36,448,-16,AGUA
35,177,-16,AGUA
35,33,-16,AGUA
34,415,-16,AGUA
33,214,-16,AGUA
36,331,-16,AGUA
33,57,-16,AGUA
36,12,-16,AGUA
37,29,-16,AGUA
33,93,-16,AGUA
32,438,-16,AGUA
36,225,-16,AGUA
35,247,-16,AGUA
33,320,-16,AGUA
47,526,-10,AGUA
47,526,-11,AGUA
35,89,-16,AGUA
32,544,-12,AGUA
32,544,-13,AGUA
32,544,-10,AGUA
32,544,-11,AGUA
32,544,-16,AGUA
32,544,-14,AGUA
32,544,-15,AGUA
32,503,-8,AGUA
32,503,-9,AGUA
32,503,-4,AGUA
32,503,-5,AGUA
32,503,-6,AGUA
32,503,-7,AGUA
32,503,-1,AGUA
32,503,-2,AGUA
32,503,-3,AGUA
36,164,-16,AGUA
36,261,-16,AGUA
32,342,-16,AGUA
37,329,-16,AGUA
37,426,-16,AGUA
32,539,-8,AGUA
32,539,-7,AGUA
37,212,-16,AGUA
32,539,-9,AGUA
32,87,-16,AGUA
32,539,-2,AGUA
32,539,-1,AGUA
32,539,-4,AGUA
32,539,-3,AGUA
32,539,-6,AGUA
32,539,-5,AGUA
35,414,-16,AGUA
32,540,-8,AGUA
32,540,-7,AGUA
32,540,-6,AGUA
32,540,-5,AGUA
32,540,-9,AGUA
32,527,-8,AGUA
32,527,-9,AGUA
32,527,-6,AGUA
32,527,-7,AGUA
32,527,-1,AGUA
32,540,-4,AGUA
32,527,-4,AGUA
32,527,-5,AGUA
32,540,-3,AGUA
32,540,-2,AGUA
32,527,-2,AGUA
32,527,-3,AGUA
32,540,-1,AGUA
32,552,-1,AGUA
32,552,-4,AGUA
32,552,-5,AGUA
32,552,-2,AGUA
32,552,-3,AGUA
35,402,-16,AGUA
32,552,-8,AGUA
32,552,-9,AGUA
32,552,-6,AGUA
36,176,-16,AGUA
32,552,-7,AGUA
39,293,-16,AGUA
32,515,-8,AGUA
32,515,-7,AGUA
32,515,-6,AGUA
32,515,-5,AGUA
32,515,-9,AGUA
32,515,-4,AGUA
32,515,-3,AGUA
32,515,-2,AGUA
32,515,-1,AGUA
39,62,-16,AGUA
35,344,-16,AGUA
33,319,-16,AGUA
33,10,-16,AGUA
37,154,-16,AGUA
36,378,-16,AGUA
35,200,-16,AGUA
34,451,-16,AGUA
37,30,-16,AGUA
33,425,-16,AGUA
35,235,-16,AGUA
39,201,-16,AGUA
32,377,-16,AGUA
32,576,-1,AGUA
32,576,-2,AGUA
32,576,-3,AGUA
32,576,-4,AGUA
32,576,-5,AGUA
32,576,-6,AGUA
32,576,-7,AGUA
32,576,-8,AGUA
32,576,-9,AGUA
39,2,-16,AGUA
33,45,-16,AGUA
37,77,-16,AGUA
32,236,-16,AGUA
36,60,-16,AGUA
33,249,-16,AGUA
35,54,-16,AGUA
35,295,-16,AGUA
32,321,-16,AGUA
37,438,-16,AGUA
33,379,-16,AGUA
34,403,-16,AGUA
37,377,-16,AGUA
32,390,-16,AGUA
37,330,-16,AGUA
39,187,-16,AGUA
36,413,-16,AGUA
35,165,-16,AGUA
37,308,-16,AGUA
33,355,-16,AGUA
36,282,-16,AGUA
35,450,-16,AGUA
32,52,-16,AGUA
39,459,-16,AGUA
32,260,-16,AGUA
36,343,-16,AGUA
34,6,-16,AGUA
37,260,-16,AGUA
33,153,-16,AGUA
37,175,-16,AGUA
39,389,-16,AGUA
34,201,-16,AGUA
37,462,-16,AGUA
36,213,-16,AGUA
35,365,-16,AGUA
34,187,-16,AGUA
39,403,-16,AGUA
32,579,-15,AGUA
32,579,-14,AGUA
32,579,-13,AGUA
32,579,-12,AGUA
32,579,-11,AGUA
32,579,-10,AGUA
32,579,-16,AGUA
34,261,-16,AGUA
33,402,-16,AGUA
33,294,-16,AGUA
32,532,-16,AGUA
34,389,-16,AGUA
35,212,-16,AGUA
36,472,-16,AGUA
37,53,-16,AGUA
37,342,-16,AGUA
32,201,-16,AGUA
35,462,-16,AGUA
33,307,-16,AGUA
36,83,-16,AGUA
37,200,-16,AGUA
37,450,-16,AGUA
37,272,-16,AGUA
36,294,-16,AGUA
33,391,-16,AGUA
39,213,-16,AGUA
34,225,-16,AGUA
33,461,-16,AGUA
33,332,-16,AGUA
37,295,-16,AGUA
36,24,-16,AGUA
39,74,-16,AGUA
33,69,-16,AGUA
32,16,-16,AGUA
33,202,-16,AGUA
37,89,-16,AGUA
36,36,-16,AGUA
32,154,-16,AGUA
37,17,-16,AGUA
35,271,-16,AGUA
47,538,-10,AGUA
47,538,-11,AGUA
39,175,-16,AGUA
35,1,-16,AGUA
33,271,-16,AGUA
37,365,-16,AGUA
35,308,-16,AGUA
34,86,-16,AGUA
35,377,-16,AGUA
32,474,-16,AGUA
36,248,-16,AGUA
33,176,-16,AGUA
33,237,-16,AGUA
33,70,-16,AGUA
37,187,-16,AGUA
36,425,-16,AGUA
35,332,-16,AGUA
36,318,-16,AGUA
35,21,-16,AGUA
37,403,-16,AGUA
34,199,-16,AGUA
33,33,-16,AGUA
33,437,-16,AGUA
35,425,-16,AGUA
36,187,-16,AGUA
36,355,-16,AGUA
35,66,-16,AGUA
33,9,-16,AGUA
36,59,-16,AGUA
37,235,-16,AGUA
35,438,-16,AGUA
35,90,-16,AGUA
37,248,-16,AGUA
37,318,-16,AGUA
35,355,-16,AGUA
36,473,-16,AGUA
37,2,-16,AGUA
34,343,-16,AGUA
36,153,-16,AGUA
37,271,-16,AGUA
32,28,-16,AGUA
37,54,-16,AGUA
36,403,-16,AGUA
34,307,-16,AGUA
33,378,-16,AGUA
35,461,-16,AGUA
32,450,-16,AGUA
36,48,-16,AGUA
34,38,-16,AGUA
37,201,-16,AGUA
37,165,-16,AGUA
33,308,-16,AGUA
35,319,-16,AGUA
32,366,-16,AGUA
36,437,-16,AGUA
37,199,-16,AGUA
36,236,-16,AGUA
37,354,-16,AGUA
32,76,-16,AGUA
35,389,-16,AGUA
33,462,-16,AGUA
39,365,-16,AGUA
35,188,-16,AGUA
34,74,-16,AGUA
33,259,-16,AGUA
35,44,-16,AGUA
32,414,-16,AGUA
37,18,-16,AGUA
35,272,-16,AGUA
36,390,-16,AGUA
33,68,-16,AGUA
33,331,-16,AGUA
37,88,-16,AGUA
36,320,-16,AGUA
37,390,-16,AGUA
37,213,-16,AGUA
35,0,-16,AGUA
32,308,-16,AGUA
35,403,-16,AGUA
36,271,-16,AGUA
35,307,-16,AGUA
34,355,-16,AGUA
36,354,-16,AGUA
36,165,-16,AGUA
36,319,-16,AGUA
34,461,-16,AGUA
32,545,-10,AGUA
32,545,-11,AGUA
32,545,-12,AGUA
32,545,-13,AGUA
33,177,-16,AGUA
32,545,-14,AGUA
32,545,-15,AGUA
32,545,-16,AGUA
39,86,-16,AGUA
37,473,-16,AGUA
47,513,-3,AGUA
39,283,-16,AGUA
47,513,-4,AGUA
47,513,-5,AGUA
47,513,-6,AGUA
47,513,-1,AGUA
47,513,-2,AGUA
33,414,-16,AGUA
47,513,-7,AGUA
47,525,-3,AGUA
47,525,-2,AGUA
47,525,-1,AGUA
47,525,-7,AGUA
47,525,-6,AGUA
47,525,-5,AGUA
47,525,-4,AGUA
37,366,-16,AGUA
37,402,-16,AGUA
47,537,-3,AGUA
47,537,-4,AGUA
47,537,-1,AGUA
47,537,-2,AGUA
39,52,-16,AGUA
47,537,-7,AGUA
47,537,-5,AGUA
47,537,-6,AGUA
35,320,-16,AGUA
33,283,-16,AGUA
32,521,-10,AGUA
32,521,-15,AGUA
32,521,-13,AGUA
32,521,-14,AGUA
32,521,-11,AGUA
32,521,-12,AGUA
39,259,-16,AGUA
39,28,-16,AGUA
34,331,-16,AGUA
35,224,-16,AGUA
36,13,-16,AGUA
36,84,-16,AGUA
37,247,-16,AGUA
33,34,-16,AGUA
39,331,-16,AGUA
32,462,-16,AGUA
35,78,-16,AGUA
37,449,-16,AGUA
34,259,-16,AGUA
33,225,-16,AGUA
35,437,-16,AGUA
47,516,-11,AGUA
47,516,-10,AGUA
36,199,-16,AGUA
36,224,-16,AGUA
34,62,-16,AGUA
36,449,-16,AGUA
37,389,-16,AGUA
35,32,-16,AGUA
32,509,-14,AGUA
32,509,-13,AGUA
32,509,-16,AGUA
32,509,-15,AGUA
32,509,-10,AGUA
32,509,-12,AGUA
32,509,-11,AGUA
35,176,-16,AGUA
36,6,-16,AGUA
37,236,-16,AGUA
37,414,-16,AGUA
33,366,-16,AGUA
34,319,-16,AGUA
33,449,-16,AGUA
36,188,-16,AGUA
36,366,-16,AGUA
37,42,-16,AGUA
35,426,-16,AGUA
33,22,-16,AGUA
33,213,-16,AGUA
39,377,-16,AGUA
39,199,-16,AGUA
32,41,-16,AGUA
39,307,-16,AGUA
36,260,-16,AGUA
37,153,-16,AGUA
33,260,-16,AGUA
34,153,-16,AGUA
34,295,-16,AGUA
32,568,-12,AGUA
32,568,-13,AGUA
32,568,-14,AGUA
32,568,-15,AGUA
32,568,-10,AGUA
32,568,-11,AGUA
36,461,-16,AGUA
32,568,-16,AGUA
32,295,-16,AGUA
35,473,-16,AGUA
36,307,-16,AGUA
37,283,-16,AGUA
33,188,-16,AGUA
35,259,-16,AGUA
35,201,-16,AGUA
33,81,-16,AGUA
35,343,-16,AGUA
39,16,-16,AGUA
32,580,-15,AGUA
32,580,-14,AGUA
32,580,-16,AGUA
39,40,-16,AGUA
32,580,-11,AGUA
32,580,-10,AGUA
32,580,-13,AGUA
32,580,-12,AGUA
36,201,-16,AGUA
34,213,-16,AGUA
33,248,-16,AGUA
39,271,-16,AGUA
33,450,-16,AGUA
36,25,-16,AGUA
39,247,-16,AGUA
35,55,-16,AGUA
33,165,-16,AGUA
37,437,-16,AGUA
37,224,-16,AGUA
32,64,-16,AGUA
47,504,-10,AGUA
47,504,-11,AGUA
35,449,-16,AGUA
33,343,-16,AGUA
34,449,-16,AGUA
35,153,-16,AGUA
37,259,-16,AGUA
35,260,-16,AGUA
36,389,-16,AGUA
36,259,-16,AGUA
35,366,-16,AGUA
36,283,-16,AGUA
37,307,-16,AGUA
32,320,-16,AGUA
37,331,-16,AGUA
35,390,-16,AGUA
37,461,-16,AGUA
35,236,-16,AGUA
36,72,-16,AGUA
37,65,-16,AGUA
33,426,-16,AGUA
34,473,-16,AGUA
32,533,-15,AGUA
32,533,-14,AGUA
32,533,-13,AGUA
32,533,-12,AGUA
32,533,-11,AGUA
32,533,-10,AGUA
33,295,-16,AGUA
36,414,-16,AGUA
37,176,-16,AGUA
37,237,-16,AGUA
36,383,-16,AGUA
35,445,-16,AGUA
33,306,-16,AGUA
39,153,-16,AGUA
34,379,-16,AGUA
37,325,-16,AGUA
36,160,-16,AGUA
35,310,-16,AGUA
33,14,-16,AGUA
37,61,-16,AGUA
32,364,-16,AGUA
33,390,-16,AGUA
32,35,-16,AGUA
39,66,-16,AGUA
35,19,-16,AGUA
39,241,-16,AGUA
35,269,-16,AGUA
36,82,-16,AGUA
33,178,-16,AGUA
36,295,-16,AGUA
35,270,-16,AGUA
33,430,-16,AGUA
35,182,-16,AGUA
37,185,-16,AGUA
32,0,-16,AGUA
36,423,-16,AGUA
32,71,-16,AGUA
33,389,-16,AGUA
37,413,-16,AGUA
36,435,-16,AGUA
35,357,-16,AGUA
34,76,-16,AGUA
33,218,-16,AGUA
34,467,-16,AGUA
32,540,-12,AGUA
32,540,-13,AGUA
32,540,-10,AGUA
37,197,-16,AGUA
32,540,-11,AGUA
32,540,-16,AGUA
32,540,-14,AGUA
36,335,-16,AGUA
32,540,-15,AGUA
36,34,-16,AGUA
36,247,-16,AGUA
37,373,-16,AGUA
33,166,-16,AGUA
36,200,-16,AGUA
39,78,-16,AGUA
32,288,-16,AGUA
32,241,-16,AGUA
36,347,-16,AGUA
33,442,-16,AGUA
33,290,-16,AGUA
34,455,-16,AGUA
35,369,-16,AGUA
33,342,-16,AGUA
37,273,-16,AGUA
37,249,-16,AGUA
35,67,-16,AGUA
39,205,-16,AGUA
32,548,-3,AGUA
32,548,-4,AGUA
32,548,-1,AGUA
32,548,-2,AGUA
32,548,-9,AGUA
32,548,-7,AGUA
32,548,-8,AGUA
32,548,-5,AGUA
32,548,-6,AGUA
33,429,-16,AGUA
32,575,-11,AGUA
32,575,-10,AGUA
32,575,-16,AGUA
32,575,-15,AGUA
32,575,-14,AGUA
32,575,-13,AGUA
32,575,-12,AGUA
37,202,-16,AGUA
32,464,-16,AGUA
47,518,-11,AGUA
37,25,-16,AGUA
47,518,-10,AGUA
32,504,-16,AGUA
33,266,-16,AGUA
36,371,-16,AGUA
47,505,-1,AGUA
47,505,-7,AGUA
47,505,-6,AGUA
47,505,-5,AGUA
33,62,-16,AGUA
47,505,-4,AGUA
47,505,-3,AGUA
47,505,-2,AGUA
36,471,-16,AGUA
47,517,-1,AGUA
47,517,-2,AGUA
39,54,-16,AGUA
47,517,-7,AGUA
33,49,-16,AGUA
47,517,-5,AGUA
47,517,-6,AGUA
47,517,-3,AGUA
47,517,-4,AGUA
47,529,-5,AGUA
47,529,-4,AGUA
47,529,-7,AGUA
47,529,-6,AGUA
36,300,-16,AGUA
47,529,-1,AGUA
47,529,-3,AGUA
47,529,-2,AGUA
35,222,-16,AGUA
32,561,-3,AGUA
32,561,-2,AGUA
32,561,-1,AGUA
47,530,-7,AGUA
47,530,-6,AGUA
47,530,-5,AGUA
47,530,-4,AGUA
47,530,-3,AGUA
47,530,-2,AGUA
47,530,-1,AGUA
35,393,-16,AGUA
32,561,-9,AGUA
32,561,-8,AGUA
36,58,-16,AGUA
32,561,-7,AGUA
35,409,-16,AGUA
32,561,-6,AGUA
32,561,-5,AGUA
32,561,-4,AGUA
35,322,-16,AGUA
35,91,-16,AGUA
35,309,-16,AGUA
35,20,-16,AGUA
35,79,-16,AGUA
32,428,-16,AGUA
33,465,-16,AGUA
35,257,-16,AGUA
37,396,-16,AGUA
39,305,-16,AGUA
36,359,-16,AGUA
36,323,-16,AGUA
37,425,-16,AGUA
33,377,-16,AGUA
36,447,-16,AGUA
33,206,-16,AGUA
37,250,-16,AGUA
33,242,-16,AGUA
33,278,-16,AGUA
36,11,-16,AGUA
36,69,-16,AGUA
37,48,-16,AGUA
35,43,-16,AGUA
37,225,-16,AGUA
34,64,-16,AGUA
33,406,-16,AGUA
34,279,-16,AGUA
35,345,-16,AGUA
34,367,-16,AGUA
39,165,-16,AGUA
32,399,-16,AGUA
35,457,-16,AGUA
32,228,-16,AGUA
33,418,-16,AGUA
35,370,-16,AGUA
35,158,-16,AGUA
35,170,-16,AGUA
37,73,-16,AGUA
36,235,-16,AGUA
47,506,-11,AGUA
36,183,-16,AGUA
47,506,-10,AGUA
36,272,-16,AGUA
37,9,-16,AGUA
36,159,-16,AGUA
35,421,-16,AGUA
32,539,-12,AGUA
32,539,-13,AGUA
32,539,-14,AGUA
32,539,-15,AGUA
32,539,-10,AGUA
32,539,-11,AGUA
32,563,-11,AGUA
32,563,-12,AGUA
32,563,-10,AGUA
32,563,-15,AGUA
32,563,-16,AGUA
32,563,-13,AGUA
32,563,-14,AGUA
34,221,-16,AGUA
37,285,-16,AGUA
35,234,-16,AGUA
39,42,-16,AGUA
37,301,-16,AGUA
39,18,-16,AGUA
32,12,-16,AGUA
39,441,-16,AGUA
32,316,-16,AGUA
33,37,-16,AGUA
33,191,-16,AGUA
37,13,-16,AGUA
37,472,-16,AGUA
36,46,-16,AGUA
36,212,-16,AGUA
36,70,-16,AGUA
37,337,-16,AGUA
34,419,-16,AGUA
33,154,-16,AGUA
35,294,-16,AGUA
34,443,-16,AGUA
36,412,-16,AGUA
37,174,-16,AGUA
32,376,-16,AGUA
33,354,-16,AGUA
33,74,-16,AGUA
37,448,-16,AGUA
37,361,-16,AGUA
39,217,-16,AGUA
32,205,-16,AGUA
37,161,-16,AGUA
35,193,-16,AGUA
35,211,-16,AGUA
37,350,-16,AGUA
34,431,-16,AGUA
37,397,-16,AGUA
34,181,-16,AGUA
33,466,-16,AGUA
34,52,-16,AGUA
36,223,-16,AGUA
36,394,-16,AGUA
37,424,-16,AGUA
36,324,-16,AGUA
35,382,-16,AGUA
34,255,-16,AGUA
35,31,-16,AGUA
32,528,-16,AGUA
35,157,-16,AGUA
37,296,-16,AGUA
37,72,-16,AGUA
39,453,-16,AGUA
37,226,-16,AGUA
36,23,-16,AGUA
32,229,-16,AGUA
35,456,-16,AGUA
37,314,-16,AGUA
32,299,-16,AGUA
34,321,-16,AGUA
32,60,-16,AGUA
33,230,-16,AGUA
33,189,-16,AGUA
35,258,-16,AGUA
39,329,-16,AGUA
33,190,-16,AGUA
33,255,-16,AGUA
35,56,-16,AGUA
37,284,-16,AGUA
39,353,-16,AGUA
32,217,-16,AGUA
34,291,-16,AGUA
39,427,-16,AGUA
47,520,-10,AGUA
47,520,-11,AGUA
32,199,-16,AGUA
34,391,-16,AGUA
35,333,-16,AGUA
34,16,-16,AGUA
37,186,-16,AGUA
37,49,-16,AGUA
32,388,-16,AGUA
33,38,-16,AGUA
39,30,-16,AGUA
36,424,-16,AGUA
36,460,-16,AGUA
37,14,-16,AGUA
33,329,-16,AGUA
33,229,-16,AGUA
35,80,-16,AGUA
37,362,-16,AGUA
33,155,-16,AGUA
35,293,-16,AGUA
32,304,-16,AGUA
39,387,-16,AGUA
36,258,-16,AGUA
37,460,-16,AGUA
33,73,-16,AGUA
32,230,-16,AGUA
36,211,-16,AGUA
37,436,-16,AGUA
39,289,-16,AGUA
36,358,-16,AGUA
39,189,-16,AGUA
33,353,-16,AGUA
37,349,-16,AGUA
36,184,-16,AGUA
32,24,-16,AGUA
34,40,-16,AGUA
36,284,-16,AGUA
35,422,-16,AGUA
36,71,-16,AGUA
37,326,-16,AGUA
35,282,-16,AGUA
35,169,-16,AGUA
34,333,-16,AGUA
36,312,-16,AGUA
37,37,-16,AGUA
33,0,-16,AGUA
39,465,-16,AGUA
35,356,-16,AGUA
34,157,-16,AGUA
36,382,-16,AGUA
35,18,-16,AGUA
33,85,-16,AGUA
36,47,-16,AGUA
36,296,-16,AGUA
32,187,-16,AGUA
32,36,-16,AGUA
37,459,-16,AGUA
35,68,-16,AGUA
35,433,-16,AGUA
36,195,-16,AGUA
34,407,-16,AGUA
39,341,-16,AGUA
32,365,-16,AGUA
32,552,-12,AGUA
32,552,-11,AGUA
32,552,-10,AGUA
32,552,-16,AGUA
32,552,-15,AGUA
32,552,-14,AGUA
32,552,-13,AGUA
35,246,-16,AGUA
33,388,-16,AGUA
36,94,-16,AGUA
37,385,-16,AGUA
33,26,-16,AGUA
32,59,-16,AGUA
33,431,-16,AGUA
33,318,-16,AGUA
33,217,-16,AGUA
34,267,-16,AGUA
33,330,-16,AGUA
37,198,-16,AGUA
36,436,-16,AGUA
34,193,-16,AGUA
35,394,-16,AGUA
35,468,-16,AGUA
36,35,-16,AGUA
37,214,-16,AGUA
47,532,-10,AGUA
47,532,-11,AGUA
34,169,-16,AGUA
33,407,-16,AGUA
36,172,-16,AGUA
32,83,-16,AGUA
35,410,-16,AGUA
33,50,-16,AGUA
37,401,-16,AGUA
37,84,-16,AGUA
36,246,-16,AGUA
39,399,-16,AGUA
39,177,-16,AGUA
35,181,-16,AGUA
32,463,-16,AGUA
39,317,-16,AGUA
33,291,-16,AGUA
47,503,-6,AGUA
47,503,-7,AGUA
35,223,-16,AGUA
47,503,-4,AGUA
47,503,-5,AGUA
47,503,-2,AGUA
47,503,-3,AGUA
47,503,-1,AGUA
33,267,-16,AGUA
32,505,-10,AGUA
32,505,-12,AGUA
32,505,-11,AGUA
32,505,-14,AGUA
32,505,-13,AGUA
32,505,-15,AGUA
35,92,-16,AGUA
47,515,-6,AGUA
47,515,-5,AGUA
47,515,-7,AGUA
47,515,-2,AGUA
47,515,-1,AGUA
47,515,-4,AGUA
47,515,-3,AGUA
47,527,-6,AGUA
47,527,-7,AGUA
47,527,-2,AGUA
47,527,-3,AGUA
47,527,-4,AGUA
47,527,-5,AGUA
39,415,-16,AGUA
33,365,-16,AGUA
47,527,-1,AGUA
36,459,-16,AGUA
39,275,-16,AGUA
34,28,-16,AGUA
33,454,-16,AGUA
35,321,-16,AGUA
37,261,-16,AGUA
37,172,-16,AGUA
36,410,-16,AGUA
34,54,-16,AGUA
36,322,-16,AGUA
35,380,-16,AGUA
34,309,-16,AGUA
33,84,-16,AGUA
33,376,-16,AGUA
36,401,-16,AGUA
37,163,-16,AGUA
39,315,-16,AGUA
36,369,-16,AGUA
37,251,-16,AGUA
33,1,-16,AGUA
39,227,-16,AGUA
32,517,-14,AGUA
32,517,-15,AGUA
32,517,-12,AGUA
32,517,-13,AGUA
35,168,-16,AGUA
33,279,-16,AGUA
32,517,-10,AGUA
32,517,-11,AGUA
33,241,-16,AGUA
33,464,-16,AGUA
39,44,-16,AGUA
34,18,-16,AGUA
34,90,-16,AGUA
32,351,-16,AGUA
34,393,-16,AGUA
33,205,-16,AGUA
37,386,-16,AGUA
36,68,-16,AGUA
32,553,-11,AGUA
32,553,-10,AGUA
32,553,-13,AGUA
37,300,-16,AGUA
32,553,-12,AGUA
32,553,-15,AGUA
32,553,-14,AGUA
37,86,-16,AGUA
32,553,-16,AGUA
47,508,-11,AGUA
47,508,-10,AGUA
37,298,-16,AGUA
36,234,-16,AGUA
39,351,-16,AGUA
35,42,-16,AGUA
35,256,-16,AGUA
36,21,-16,AGUA
37,74,-16,AGUA
37,0,-16,AGUA
39,451,-16,AGUA
35,458,-16,AGUA
34,357,-16,AGUA
32,386,-16,AGUA
33,36,-16,AGUA
37,400,-16,AGUA
37,471,-16,AGUA
39,32,-16,AGUA
33,416,-16,AGUA
37,447,-16,AGUA
34,381,-16,AGUA
39,327,-16,AGUA
33,192,-16,AGUA
39,363,-16,AGUA
37,286,-16,AGUA
37,215,-16,AGUA
39,88,-16,AGUA
39,263,-16,AGUA
32,215,-16,AGUA
36,273,-16,AGUA
35,411,-16,AGUA
32,84,-16,AGUA
37,338,-16,AGUA
34,66,-16,AGUA
36,173,-16,AGUA
39,429,-16,AGUA
34,42,-16,AGUA
35,335,-16,AGUA
36,445,-16,AGUA
33,364,-16,AGUA
36,469,-16,AGUA
34,257,-16,AGUA
37,38,-16,AGUA
32,306,-16,AGUA
39,303,-16,AGUA
32,175,-16,AGUA
47,520,-2,AGUA
47,520,-1,AGUA
47,520,-4,AGUA
47,520,-3,AGUA
47,520,-6,AGUA
47,520,-5,AGUA
47,520,-7,AGUA
32,541,-10,AGUA
32,541,-11,AGUA
32,541,-12,AGUA
32,541,-13,AGUA
32,541,-14,AGUA
32,541,-15,AGUA
47,532,-1,AGUA
47,532,-2,AGUA
47,532,-3,AGUA
47,532,-4,AGUA
47,532,-5,AGUA
47,532,-6,AGUA
47,532,-7,AGUA
35,9,-16,AGUA
36,197,-16,AGUA
39,375,-16,AGUA
36,56,-16,AGUA
32,442,-16,AGUA
32,363,-16,AGUA
36,393,-16,AGUA
35,435,-16,AGUA
37,26,-16,AGUA
35,280,-16,AGUA
35,30,-16,AGUA
37,238,-16,AGUA
34,155,-16,AGUA
37,351,-16,AGUA
39,463,-16,AGUA
34,209,-16,AGUA
37,184,-16,AGUA
33,24,-16,AGUA
36,422,-16,AGUA
33,316,-16,AGUA
36,309,-16,AGUA
32,529,-10,AGUA
32,529,-15,AGUA
32,529,-14,AGUA
32,529,-13,AGUA
37,315,-16,AGUA
32,529,-12,AGUA
32,529,-11,AGUA
39,20,-16,AGUA
34,281,-16,AGUA
36,222,-16,AGUA
34,191,-16,AGUA
36,161,-16,AGUA
35,244,-16,AGUA
36,92,-16,AGUA
39,251,-16,AGUA
34,293,-16,AGUA
35,358,-16,AGUA
37,412,-16,AGUA
35,57,-16,AGUA
35,471,-16,AGUA
35,29,-16,AGUA
39,239,-16,AGUA
35,300,-16,AGUA
47,530,-10,AGUA
47,530,-11,AGUA
35,323,-16,AGUA
39,417,-16,AGUA
33,399,-16,AGUA
34,269,-16,AGUA
33,61,-16,AGUA
32,509,-1,AGUA
37,374,-16,AGUA
32,465,-16,AGUA
35,81,-16,AGUA
32,509,-8,AGUA
32,509,-9,AGUA
32,509,-6,AGUA
32,509,-7,AGUA
32,509,-4,AGUA
32,509,-5,AGUA
32,509,-2,AGUA
32,509,-3,AGUA
32,546,-2,AGUA
32,546,-1,AGUA
32,546,-8,AGUA
32,546,-7,AGUA
32,546,-9,AGUA
35,368,-16,AGUA
32,546,-4,AGUA
32,546,-3,AGUA
32,546,-6,AGUA
32,546,-5,AGUA
33,256,-16,AGUA
36,33,-16,AGUA
36,346,-16,AGUA
32,571,-8,AGUA
32,571,-7,AGUA
32,571,-9,AGUA
32,571,-4,AGUA
32,571,-3,AGUA
32,571,-6,AGUA
32,571,-5,AGUA
32,571,-2,AGUA
32,571,-1,AGUA
33,341,-16,AGUA
36,310,-16,AGUA
37,435,-16,AGUA
33,452,-16,AGUA
37,63,-16,AGUA
33,228,-16,AGUA
32,558,-1,AGUA
32,558,-2,AGUA
32,558,-3,AGUA
32,558,-8,AGUA
32,558,-9,AGUA
32,558,-4,AGUA
32,558,-5,AGUA
32,558,-6,AGUA
32,558,-7,AGUA
37,203,-16,AGUA
33,428,-16,AGUA
37,263,-16,AGUA
36,285,-16,AGUA
35,221,-16,AGUA
36,257,-16,AGUA
35,279,-16,AGUA
36,370,-16,AGUA
37,50,-16,AGUA
33,167,-16,AGUA
35,192,-16,AGUA
32,405,-16,AGUA
47,507,-1,AGUA
47,507,-2,AGUA
32,25,-16,AGUA
47,507,-3,AGUA
32,576,-10,AGUA
47,507,-4,AGUA
47,507,-5,AGUA
32,576,-15,AGUA
47,507,-6,AGUA
47,507,-7,AGUA
32,576,-12,AGUA
32,576,-11,AGUA
32,576,-14,AGUA
32,576,-13,AGUA
47,519,-4,AGUA
47,519,-3,AGUA
47,519,-2,AGUA
47,519,-1,AGUA
34,345,-16,AGUA
35,392,-16,AGUA
36,457,-16,AGUA
33,280,-16,AGUA
47,519,-7,AGUA
47,519,-6,AGUA
47,519,-5,AGUA
35,8,-16,AGUA
36,57,-16,AGUA
36,10,-16,AGUA
33,59,-16,AGUA
37,27,-16,AGUA
37,262,-16,AGUA
36,209,-16,AGUA
35,17,-16,AGUA
35,346,-16,AGUA
34,469,-16,AGUA
32,542,-16,AGUA
32,542,-14,AGUA
32,542,-15,AGUA
32,542,-12,AGUA
32,542,-13,AGUA
32,542,-10,AGUA
32,542,-11,AGUA
33,216,-16,AGUA
35,69,-16,AGUA
37,239,-16,AGUA
36,196,-16,AGUA
35,434,-16,AGUA
36,311,-16,AGUA
36,446,-16,AGUA
35,281,-16,AGUA
33,387,-16,AGUA
37,458,-16,AGUA
39,155,-16,AGUA
36,93,-16,AGUA
39,0,-16,AGUA
34,167,-16,AGUA
37,411,-16,AGUA
32,85,-16,AGUA
33,405,-16,AGUA
39,291,-16,AGUA
32,441,-16,AGUA
33,317,-16,AGUA
35,245,-16,AGUA
39,439,-16,AGUA
35,470,-16,AGUA
37,327,-16,AGUA
32,340,-16,AGUA
33,25,-16,AGUA
36,162,-16,AGUA
35,400,-16,AGUA
33,60,-16,AGUA
39,191,-16,AGUA
32,507,-9,AGUA
32,507,-8,AGUA
32,507,-5,AGUA
32,507,-4,AGUA
32,507,-7,AGUA
32,507,-6,AGUA
32,507,-1,AGUA
32,507,-3,AGUA
32,507,-2,AGUA
37,196,-16,AGUA
36,345,-16,AGUA
36,434,-16,AGUA
34,453,-16,AGUA
32,519,-9,AGUA
32,519,-5,AGUA
32,519,-6,AGUA
32,519,-7,AGUA
32,519,-8,AGUA
32,519,-1,AGUA
32,519,-2,AGUA
32,519,-3,AGUA
32,519,-4,AGUA
37,85,-16,AGUA
32,568,-1,AGUA
32,568,-2,AGUA
32,568,-5,AGUA
32,568,-6,AGUA
32,568,-3,AGUA
32,568,-4,AGUA
32,568,-9,AGUA
32,568,-7,AGUA
32,568,-8,AGUA
35,469,-16,AGUA
35,233,-16,AGUA
35,180,-16,AGUA
34,429,-16,AGUA
32,544,-9,AGUA
36,245,-16,AGUA
32,544,-5,AGUA
32,544,-6,AGUA
32,544,-7,AGUA
32,544,-8,AGUA
32,544,-1,AGUA
32,544,-2,AGUA
32,544,-3,AGUA
32,544,-4,AGUA
34,233,-16,AGUA
34,8,-16,AGUA
36,45,-16,AGUA
33,340,-16,AGUA
32,581,-1,AGUA
32,581,-5,AGUA
32,581,-4,AGUA
32,581,-3,AGUA
32,581,-2,AGUA
32,581,-9,AGUA
32,581,-8,AGUA
32,581,-7,AGUA
32,581,-6,AGUA
32,37,-16,AGUA
39,405,-16,AGUA
35,93,-16,AGUA
36,297,-16,AGUA
39,203,-16,AGUA
37,204,-16,AGUA
33,168,-16,AGUA
37,375,-16,AGUA
32,577,-13,AGUA
32,577,-12,AGUA
32,577,-11,AGUA
32,577,-10,AGUA
32,577,-16,AGUA
32,577,-15,AGUA
32,577,-14,AGUA
36,458,-16,AGUA
37,162,-16,AGUA
36,400,-16,AGUA
32,375,-16,AGUA
37,51,-16,AGUA
33,268,-16,AGUA
32,506,-16,AGUA
35,209,-16,AGUA
33,453,-16,AGUA
37,423,-16,AGUA
34,245,-16,AGUA
33,240,-16,AGUA
33,305,-16,AGUA
36,81,-16,AGUA
33,375,-16,AGUA
36,233,-16,AGUA
36,411,-16,AGUA
37,173,-16,AGUA
33,13,-16,AGUA
39,215,-16,AGUA
32,518,-16,AGUA
35,381,-16,AGUA
35,268,-16,AGUA
33,292,-16,AGUA
33,179,-16,AGUA
32,530,-16,AGUA
35,210,-16,AGUA
34,441,-16,AGUA
37,62,-16,AGUA
35,311,-16,AGUA
33,204,-16,AGUA
34,369,-16,AGUA
35,156,-16,AGUA
35,82,-16,AGUA
35,446,-16,AGUA
37,15,-16,AGUA
32,453,-16,AGUA
35,70,-16,AGUA
39,90,-16,AGUA
36,334,-16,AGUA
37,297,-16,AGUA
35,41,-16,AGUA
36,22,-16,AGUA
37,340,-16,AGUA
39,339,-16,AGUA
37,398,-16,AGUA
37,227,-16,AGUA
33,417,-16,AGUA
33,328,-16,AGUA
33,239,-16,AGUA
33,352,-16,AGUA
34,179,-16,AGUA
39,167,-16,AGUA
37,446,-16,AGUA
34,311,-16,AGUA
34,30,-16,AGUA
33,441,-16,AGUA
37,470,-16,AGUA
32,216,-16,AGUA
33,156,-16,AGUA
32,565,-10,AGUA
32,565,-13,AGUA
32,565,-14,AGUA
32,565,-11,AGUA
32,565,-12,AGUA
32,565,-15,AGUA
32,565,-16,AGUA
37,339,-16,AGUA
36,210,-16,AGUA
36,274,-16,AGUA
34,88,-16,AGUA
36,9,-16,AGUA
33,48,-16,AGUA
33,72,-16,AGUA
36,381,-16,AGUA
37,363,-16,AGUA
35,334,-16,AGUA
37,274,-16,AGUA
39,475,-16,AGUA
35,423,-16,AGUA
36,185,-16,AGUA
32,174,-16,AGUA
36,357,-16,AGUA
36,470,-16,AGUA
35,179,-16,AGUA
34,417,-16,AGUA
33,180,-16,AGUA
35,292,-16,AGUA
32,531,-4,AGUA
32,531,-3,AGUA
32,531,-6,AGUA
32,531,-5,AGUA
32,531,-2,AGUA
32,531,-1,AGUA
32,531,-8,AGUA
32,531,-7,AGUA
32,531,-9,AGUA
37,334,-16,AGUA
39,279,-16,AGUA
39,385,-16,AGUA
35,94,-16,AGUA
36,286,-16,AGUA
39,10,-16,AGUA
32,220,-16,AGUA
37,469,-16,AGUA
32,267,-16,AGUA
34,253,-16,AGUA
35,418,-16,AGUA
37,34,-16,AGUA
36,374,-16,AGUA
37,158,-16,AGUA
39,297,-16,AGUA
37,70,-16,AGUA
39,455,-16,AGUA
33,315,-16,AGUA
32,579,-2,AGUA
32,579,-1,AGUA
32,579,-4,AGUA
32,579,-3,AGUA
32,579,-6,AGUA
36,55,-16,AGUA
32,579,-5,AGUA
32,579,-8,AGUA
32,579,-7,AGUA
32,579,-9,AGUA
33,209,-16,AGUA
37,422,-16,AGUA
32,580,-9,AGUA
32,580,-4,AGUA
32,580,-3,AGUA
32,580,-2,AGUA
32,580,-1,AGUA
32,580,-8,AGUA
32,580,-7,AGUA
32,580,-6,AGUA
32,580,-5,AGUA
32,555,-4,AGUA
32,555,-3,AGUA
32,555,-2,AGUA
32,555,-1,AGUA
32,555,-8,AGUA
32,555,-7,AGUA
32,555,-6,AGUA
32,555,-5,AGUA
32,555,-9,AGUA
34,183,-16,AGUA
35,454,-16,AGUA
35,348,-16,AGUA
33,421,-16,AGUA
32,567,-1,AGUA
32,567,-4,AGUA
32,567,-5,AGUA
32,567,-2,AGUA
32,567,-3,AGUA
32,567,-8,AGUA
32,567,-9,AGUA
32,567,-6,AGUA
32,567,-7,AGUA
34,411,-16,AGUA
37,370,-16,AGUA
47,510,-10,AGUA
47,510,-11,AGUA
35,173,-16,AGUA
36,221,-16,AGUA
33,275,-16,AGUA
35,231,-16,AGUA
32,513,-16,AGUA
32,513,-14,AGUA
32,513,-15,AGUA
32,513,-12,AGUA
32,513,-13,AGUA
32,513,-10,AGUA
32,513,-11,AGUA
35,28,-16,AGUA
34,20,-16,AGUA
33,41,-16,AGUA
35,384,-16,AGUA
32,44,-16,AGUA
34,32,-16,AGUA
36,91,-16,AGUA
33,245,-16,AGUA
37,228,-16,AGUA
35,58,-16,AGUA
34,323,-16,AGUA
35,301,-16,AGUA
33,53,-16,AGUA
47,522,-10,AGUA
47,522,-11,AGUA
35,243,-16,AGUA
34,205,-16,AGUA
33,327,-16,AGUA
33,351,-16,AGUA
35,161,-16,AGUA
37,304,-16,AGUA
39,337,-16,AGUA
33,398,-16,AGUA
34,2,-16,AGUA
32,279,-16,AGUA
36,432,-16,AGUA
36,326,-16,AGUA
37,194,-16,AGUA
36,19,-16,AGUA
39,407,-16,AGUA
33,157,-16,AGUA
39,22,-16,AGUA
33,468,-16,AGUA
35,207,-16,AGUA
35,278,-16,AGUA
33,17,-16,AGUA
39,6,-16,AGUA
37,264,-16,AGUA
33,88,-16,AGUA
33,210,-16,AGUA
36,386,-16,AGUA
32,80,-16,AGUA
35,291,-16,AGUA
32,219,-16,AGUA
36,43,-16,AGUA
34,159,-16,AGUA
36,256,-16,AGUA
37,434,-16,AGUA
35,266,-16,AGUA
34,229,-16,AGUA
32,419,-16,AGUA
32,185,-16,AGUA
33,456,-16,AGUA
37,299,-16,AGUA
36,20,-16,AGUA
33,287,-16,AGUA
32,525,-14,AGUA
32,525,-13,AGUA
32,525,-12,AGUA
32,525,-11,AGUA
32,525,-10,AGUA
35,16,-16,AGUA
33,233,-16,AGUA
32,525,-15,AGUA
35,361,-16,AGUA
34,44,-16,AGUA
39,70,-16,AGUA
33,65,-16,AGUA
34,335,-16,AGUA
36,467,-16,AGUA
33,386,-16,AGUA
35,196,-16,AGUA
37,171,-16,AGUA
33,2,-16,AGUA
32,455,-16,AGUA
37,369,-16,AGUA
39,325,-16,AGUA
37,241,-16,AGUA
34,265,-16,AGUA
47,534,-10,AGUA
47,534,-11,AGUA
36,78,-16,AGUA
37,457,-16,AGUA
35,431,-16,AGUA
39,179,-16,AGUA
35,313,-16,AGUA
39,397,-16,AGUA
39,467,-16,AGUA
33,303,-16,AGUA
32,280,-16,AGUA
32,313,-16,AGUA
32,255,-16,AGUA
39,267,-16,AGUA
32,420,-16,AGUA
33,433,-16,AGUA
33,409,-16,AGUA
34,195,-16,AGUA
32,548,-13,AGUA
32,548,-12,AGUA
32,548,-11,AGUA
32,548,-10,AGUA
32,548,-15,AGUA
32,548,-14,AGUA
37,311,-16,AGUA
32,385,-16,AGUA
35,71,-16,AGUA
36,192,-16,AGUA
33,182,-16,AGUA
37,58,-16,AGUA
35,396,-16,AGUA
37,82,-16,AGUA
35,406,-16,AGUA
36,168,-16,AGUA
36,351,-16,AGUA
33,363,-16,AGUA
35,219,-16,AGUA
37,216,-16,AGUA
32,572,-16,AGUA
32,572,-15,AGUA
32,572,-12,AGUA
32,572,-11,AGUA
32,572,-14,AGUA
32,572,-13,AGUA
32,572,-10,AGUA
37,346,-16,AGUA
37,393,-16,AGUA
36,244,-16,AGUA
36,298,-16,AGUA
33,339,-16,AGUA
36,444,-16,AGUA
37,22,-16,AGUA
35,466,-16,AGUA
35,336,-16,AGUA
36,314,-16,AGUA
37,276,-16,AGUA
33,252,-16,AGUA
35,290,-16,AGUA
35,40,-16,AGUA
36,232,-16,AGUA
47,509,-1,AGUA
47,509,-3,AGUA
47,509,-2,AGUA
47,509,-5,AGUA
47,509,-4,AGUA
47,509,-7,AGUA
47,509,-6,AGUA
35,220,-16,AGUA
47,510,-3,AGUA
47,510,-2,AGUA
47,510,-1,AGUA
47,510,-7,AGUA
47,510,-6,AGUA
47,510,-5,AGUA
35,184,-16,AGUA
47,510,-4,AGUA
35,267,-16,AGUA
33,30,-16,AGUA
47,522,-3,AGUA
47,522,-4,AGUA
47,522,-1,AGUA
47,522,-2,AGUA
47,522,-7,AGUA
47,522,-5,AGUA
47,522,-6,AGUA
47,534,-1,AGUA
47,534,-3,AGUA
47,534,-2,AGUA
47,534,-5,AGUA
47,534,-4,AGUA
47,534,-7,AGUA
47,534,-6,AGUA
36,80,-16,AGUA
33,221,-16,AGUA
33,457,-16,AGUA
36,468,-16,AGUA
32,301,-16,AGUA
37,323,-16,AGUA
39,207,-16,AGUA
33,64,-16,AGUA
35,83,-16,AGUA
36,275,-16,AGUA
35,312,-16,AGUA
36,349,-16,AGUA
34,465,-16,AGUA
35,373,-16,AGUA
35,430,-16,AGUA
37,240,-16,AGUA
36,407,-16,AGUA
36,79,-16,AGUA
37,183,-16,AGUA
37,169,-16,AGUA
36,421,-16,AGUA
35,359,-16,AGUA
33,304,-16,AGUA
33,374,-16,AGUA
39,361,-16,AGUA
35,39,-16,AGUA
37,358,-16,AGUA
35,324,-16,AGUA
34,383,-16,AGUA
33,362,-16,AGUA
36,397,-16,AGUA
36,32,-16,AGUA
36,193,-16,AGUA
37,371,-16,AGUA
32,208,-16,AGUA
37,57,-16,AGUA
39,255,-16,AGUA
33,264,-16,AGUA
32,466,-16,AGUA
37,445,-16,AGUA
36,267,-16,AGUA
37,6,-16,AGUA
37,217,-16,AGUA
34,457,-16,AGUA
35,407,-16,AGUA
37,81,-16,AGUA
36,169,-16,AGUA
32,173,-16,AGUA
33,338,-16,AGUA
37,421,-16,AGUA
36,315,-16,AGUA
33,181,-16,AGUA
39,231,-16,AGUA
34,359,-16,AGUA
37,275,-16,AGUA
37,23,-16,AGUA
32,549,-14,AGUA
32,549,-13,AGUA
32,549,-16,AGUA
32,549,-15,AGUA
32,549,-10,AGUA
39,82,-16,AGUA
32,549,-12,AGUA
32,549,-11,AGUA
35,465,-16,AGUA
33,410,-16,AGUA
36,208,-16,AGUA
35,347,-16,AGUA
36,287,-16,AGUA
34,299,-16,AGUA
39,56,-16,AGUA
33,76,-16,AGUA
36,456,-16,AGUA
37,157,-16,AGUA
37,335,-16,AGUA
37,252,-16,AGUA
36,67,-16,AGUA
37,468,-16,AGUA
37,409,-16,AGUA
32,336,-16,AGUA
32,291,-16,AGUA
37,394,-16,AGUA
33,208,-16,AGUA
36,303,-16,AGUA
33,445,-16,AGUA
36,2,-16,AGUA
33,170,-16,AGUA
35,255,-16,AGUA
35,172,-16,AGUA
33,244,-16,AGUA
37,410,-16,AGUA
36,350,-16,AGUA
35,59,-16,AGUA
35,27,-16,AGUA
33,276,-16,AGUA
35,442,-16,AGUA
36,362,-16,AGUA
35,385,-16,AGUA
37,46,-16,AGUA
32,45,-16,AGUA
36,220,-16,AGUA
32,397,-16,AGUA
37,303,-16,AGUA
37,382,-16,AGUA
36,255,-16,AGUA
32,161,-16,AGUA
34,78,-16,AGUA
32,324,-16,AGUA
36,433,-16,AGUA
37,195,-16,AGUA
37,69,-16,AGUA
36,338,-16,AGUA
36,181,-16,AGUA
37,11,-16,AGUA
33,29,-16,AGUA
32,537,-10,AGUA
32,537,-11,AGUA
32,537,-12,AGUA
32,537,-13,AGUA
32,537,-14,AGUA
32,537,-15,AGUA
33,299,-16,AGUA
39,94,-16,AGUA
37,287,-16,AGUA
35,232,-16,AGUA
35,60,-16,AGUA
34,217,-16,AGUA
33,422,-16,AGUA
39,349,-16,AGUA
34,241,-16,AGUA
33,3,-16,AGUA
33,193,-16,AGUA
39,219,-16,AGUA
33,169,-16,AGUA
32,407,-16,AGUA
34,347,-16,AGUA
39,243,-16,AGUA
37,433,-16,AGUA
33,397,-16,AGUA
36,44,-16,AGUA
36,157,-16,AGUA
34,371,-16,AGUA
35,208,-16,AGUA
37,93,-16,AGUA
32,561,-15,AGUA
32,561,-10,AGUA
32,561,-13,AGUA
32,561,-14,AGUA
32,561,-11,AGUA
32,561,-12,AGUA
36,385,-16,AGUA
37,205,-16,AGUA
39,373,-16,AGUA
35,7,-16,AGUA
34,445,-16,AGUA
36,313,-16,AGUA
35,371,-16,AGUA
33,232,-16,AGUA
37,181,-16,AGUA
37,408,-16,AGUA
36,466,-16,AGUA
33,455,-16,AGUA
32,290,-16,AGUA
39,80,-16,AGUA
37,395,-16,AGUA
34,433,-16,AGUA
39,421,-16,AGUA
35,195,-16,AGUA
33,385,-16,AGUA
36,77,-16,AGUA
35,432,-16,AGUA
47,514,-5,AGUA
47,514,-4,AGUA
47,514,-7,AGUA
47,514,-6,AGUA
47,514,-1,AGUA
47,514,-3,AGUA
47,514,-2,AGUA
36,194,-16,AGUA
47,538,-1,AGUA
47,526,-5,AGUA
47,526,-6,AGUA
47,526,-7,AGUA
47,526,-1,AGUA
47,526,-2,AGUA
47,526,-3,AGUA
47,526,-4,AGUA
35,229,-16,AGUA
32,456,-16,AGUA
33,302,-16,AGUA
47,538,-5,AGUA
47,538,-4,AGUA
47,538,-3,AGUA
47,538,-2,AGUA
47,538,-7,AGUA
47,538,-6,AGUA
33,171,-16,AGUA
39,169,-16,AGUA
33,39,-16,AGUA
33,349,-16,AGUA
37,47,-16,AGUA
37,242,-16,AGUA
35,159,-16,AGUA
37,456,-16,AGUA
35,314,-16,AGUA
33,288,-16,AGUA
32,526,-16,AGUA
35,15,-16,AGUA
36,207,-16,AGUA
33,419,-16,AGUA
37,312,-16,AGUA
35,467,-16,AGUA
32,315,-16,AGUA
37,206,-16,AGUA
37,83,-16,AGUA
37,277,-16,AGUA
37,12,-16,AGUA
37,230,-16,AGUA
37,59,-16,AGUA
36,409,-16,AGUA
33,183,-16,AGUA
36,182,-16,AGUA
36,158,-16,AGUA
35,420,-16,AGUA
35,72,-16,AGUA
32,468,-16,AGUA
39,157,-16,AGUA
35,326,-16,AGUA
32,538,-16,AGUA
32,69,-16,AGUA
33,4,-16,AGUA
36,243,-16,AGUA
37,290,-16,AGUA
36,454,-16,AGUA
37,347,-16,AGUA
36,30,-16,AGUA
34,10,-16,AGUA
37,360,-16,AGUA
32,562,-14,AGUA
32,562,-15,AGUA
32,562,-16,AGUA
32,562,-10,AGUA
32,562,-11,AGUA
32,562,-12,AGUA
32,562,-13,AGUA
33,253,-16,AGUA
34,231,-16,AGUA
34,301,-16,AGUA
35,6,-16,AGUA
35,265,-16,AGUA
32,360,-16,AGUA
35,350,-16,AGUA
37,160,-16,AGUA
37,8,-16,AGUA
36,299,-16,AGUA
33,75,-16,AGUA
32,577,-1,AGUA
32,577,-2,AGUA
32,577,-3,AGUA
32,577,-4,AGUA
32,577,-5,AGUA
32,577,-6,AGUA
32,577,-7,AGUA
32,577,-8,AGUA
32,577,-9,AGUA
32,34,-16,AGUA
37,60,-16,AGUA
37,229,-16,AGUA
32,565,-9,AGUA
35,444,-16,AGUA
32,565,-8,AGUA
36,384,-16,AGUA
32,338,-16,AGUA
32,565,-1,AGUA
32,565,-3,AGUA
32,565,-2,AGUA
32,565,-5,AGUA
32,565,-4,AGUA
32,565,-7,AGUA
32,565,-6,AGUA
35,419,-16,AGUA
39,287,-16,AGUA
32,541,-9,AGUA
32,541,-8,AGUA
32,541,-7,AGUA
32,541,-6,AGUA
37,432,-16,AGUA
32,541,-1,AGUA
32,541,-5,AGUA
32,541,-4,AGUA
32,541,-3,AGUA
32,541,-2,AGUA
32,553,-1,AGUA
32,553,-2,AGUA
32,553,-5,AGUA
32,553,-6,AGUA
32,553,-3,AGUA
32,553,-4,AGUA
32,553,-9,AGUA
32,553,-7,AGUA
32,553,-8,AGUA
35,183,-16,AGUA
34,421,-16,AGUA
32,550,-14,AGUA
32,550,-13,AGUA
32,550,-12,AGUA
32,550,-11,AGUA
32,550,-10,AGUA
32,550,-16,AGUA
32,550,-15,AGUA
35,349,-16,AGUA
33,420,-16,AGUA
37,324,-16,AGUA
39,58,-16,AGUA
37,35,-16,AGUA
36,373,-16,AGUA
36,231,-16,AGUA
37,159,-16,AGUA
33,15,-16,AGUA
33,219,-16,AGUA
35,383,-16,AGUA
36,219,-16,AGUA
39,92,-16,AGUA
36,276,-16,AGUA
35,230,-16,AGUA
39,181,-16,AGUA
34,409,-16,AGUA
36,0,-16,AGUA
39,193,-16,AGUA
33,373,-16,AGUA
37,254,-16,AGUA
35,84,-16,AGUA
37,383,-16,AGUA
36,65,-16,AGUA
32,218,-16,AGUA
36,42,-16,AGUA
33,158,-16,AGUA
36,18,-16,AGUA
33,52,-16,AGUA
36,336,-16,AGUA
34,22,-16,AGUA
32,81,-16,AGUA
32,242,-16,AGUA
33,27,-16,AGUA
36,361,-16,AGUA
35,38,-16,AGUA
35,288,-16,AGUA
33,443,-16,AGUA
33,265,-16,AGUA
32,503,-10,AGUA
32,503,-12,AGUA
32,503,-11,AGUA
32,503,-14,AGUA
32,503,-13,AGUA
35,160,-16,AGUA
32,503,-15,AGUA
37,359,-16,AGUA
36,266,-16,AGUA
35,253,-16,AGUA
37,444,-16,AGUA
34,313,-16,AGUA
37,193,-16,AGUA
33,220,-16,AGUA
39,299,-16,AGUA
36,431,-16,AGUA
33,87,-16,AGUA
36,396,-16,AGUA
39,68,-16,AGUA
36,170,-16,AGUA
37,289,-16,AGUA
35,206,-16,AGUA
36,301,-16,AGUA
32,303,-16,AGUA
33,350,-16,AGUA
34,243,-16,AGUA
39,347,-16,AGUA
33,326,-16,AGUA
32,433,-16,AGUA
33,195,-16,AGUA
37,36,-16,AGUA
37,253,-16,AGUA
36,66,-16,AGUA
33,160,-16,AGUA
32,575,-9,AGUA
32,575,-8,AGUA
32,575,-7,AGUA
32,575,-6,AGUA
32,575,-5,AGUA
32,575,-4,AGUA
32,575,-3,AGUA
32,575,-2,AGUA
32,575,-1,AGUA
34,325,-16,AGUA
39,46,-16,AGUA
34,219,-16,AGUA
35,26,-16,AGUA
37,336,-16,AGUA
32,159,-16,AGUA
37,170,-16,AGUA
32,515,-16,AGUA
33,277,-16,AGUA
32,515,-14,AGUA
32,515,-15,AGUA
32,515,-12,AGUA
32,515,-13,AGUA
32,515,-10,AGUA
32,515,-11,AGUA
39,383,-16,AGUA
33,86,-16,AGUA
37,467,-16,AGUA
33,207,-16,AGUA
36,288,-16,AGUA
39,313,-16,AGUA
39,277,-16,AGUA
36,218,-16,AGUA
35,360,-16,AGUA
32,46,-16,AGUA
35,254,-16,AGUA
33,243,-16,AGUA
33,444,-16,AGUA
32,195,-16,AGUA
36,1,-16,AGUA
34,0,-16,AGUA
32,396,-16,AGUA
35,171,-16,AGUA
37,384,-16,AGUA
34,395,-16,AGUA
32,326,-16,AGUA
35,443,-16,AGUA
33,432,-16,AGUA
35,218,-16,AGUA
36,360,-16,AGUA
35,289,-16,AGUA
33,51,-16,AGUA
35,395,-16,AGUA
34,68,-16,AGUA
33,159,-16,AGUA
34,92,-16,AGUA
36,337,-16,AGUA
39,265,-16,AGUA
32,11,-16,AGUA
36,254,-16,AGUA
33,28,-16,AGUA
36,419,-16,AGUA
34,207,-16,AGUA
32,243,-16,AGUA
39,229,-16,AGUA
33,408,-16,AGUA
37,302,-16,AGUA
32,277,-16,AGUA
33,194,-16,AGUA
36,171,-16,AGUA
34,361,-16,AGUA
37,288,-16,AGUA
36,302,-16,AGUA
39,301,-16,AGUA
35,61,-16,AGUA
34,289,-16,AGUA
37,419,-16,AGUA
36,443,-16,AGUA
37,94,-16,AGUA
39,8,-16,AGUA
33,396,-16,AGUA
39,431,-16,AGUA
35,337,-16,AGUA
33,325,-16,AGUA
33,384,-16,AGUA
39,359,-16,AGUA
36,90,-16,AGUA
35,194,-16,AGUA
35,50,-16,AGUA
34,80,-16,AGUA
32,302,-16,AGUA
47,512,-2,AGUA
47,512,-3,AGUA
47,512,-4,AGUA
47,512,-5,AGUA
47,512,-1,AGUA
47,512,-6,AGUA
47,512,-7,AGUA
47,524,-2,AGUA
47,524,-1,AGUA
47,524,-6,AGUA
47,524,-5,AGUA
47,524,-4,AGUA
47,524,-3,AGUA
47,524,-7,AGUA
36,395,-16,AGUA
33,314,-16,AGUA
47,536,-2,AGUA
47,536,-3,AGUA
47,536,-1,AGUA
47,536,-6,AGUA
47,536,-7,AGUA
47,536,-4,AGUA
47,536,-5,AGUA
36,54,-16,AGUA
36,348,-16,AGUA
33,40,-16,AGUA
37,443,-16,AGUA
35,455,-16,AGUA
34,337,-16,AGUA
32,70,-16,AGUA
39,253,-16,AGUA
37,71,-16,AGUA
39,34,-16,AGUA
35,302,-16,AGUA
36,420,-16,AGUA
32,183,-16,AGUA
37,313,-16,AGUA
35,372,-16,AGUA
32,527,-12,AGUA
32,527,-11,AGUA
32,527,-10,AGUA
33,231,-16,AGUA
32,527,-15,AGUA
32,527,-14,AGUA
32,527,-13,AGUA
39,395,-16,AGUA
36,408,-16,AGUA
37,455,-16,AGUA
35,14,-16,AGUA
37,182,-16,AGUA
33,289,-16,AGUA
36,89,-16,AGUA
32,467,-16,AGUA
35,242,-16,AGUA
33,337,-16,AGUA
33,361,-16,AGUA
39,443,-16,AGUA
32,314,-16,AGUA
33,254,-16,AGUA
35,73,-16,AGUA
35,325,-16,AGUA
34,277,-16,AGUA
37,372,-16,AGUA
35,408,-16,AGUA
36,325,-16,AGUA
37,24,-16,AGUA
37,265,-16,AGUA
36,372,-16,AGUA
37,420,-16,AGUA
33,16,-16,AGUA
32,23,-16,AGUA
33,63,-16,AGUA
36,31,-16,AGUA
37,218,-16,AGUA
35,277,-16,AGUA
32,574,-14,AGUA
32,574,-13,AGUA
32,574,-15,AGUA
32,574,-10,AGUA
32,574,-12,AGUA
32,574,-11,AGUA
32,207,-16,AGUA
36,242,-16,AGUA
36,455,-16,AGUA
35,49,-16,AGUA
32,361,-16,AGUA
37,7,-16,AGUA
39,419,-16,AGUA
37,348,-16,AGUA
34,56,-16,AGUA
32,563,-6,AGUA
32,563,-7,AGUA
32,563,-8,AGUA
32,563,-9,AGUA
33,467,-16,AGUA
32,563,-1,AGUA
32,563,-2,AGUA
32,563,-3,AGUA
32,563,-4,AGUA
32,563,-5,AGUA
34,171,-16,AGUA
